tree
version=v4
num_class=1
num_tree_per_iteration=1
label_index=0
max_feature_idx=9
objective=binary sigmoid:1
feature_names=hour day_of_week season near_emergency_lag1 capacity_margin_lag24 lmp_volatility_lag6 region_stress_ratio_lag24 region_stress_ratio_lag48 lmp_volatility_roll24 region_stress_ratio_roll48
feature_infos=[0:23] [0:6] [1:4] [0:1] [-112.43431661143087:35.455209238570482] [0.15861869203882573:15.057091233106052] [43.555844729749403:55.434851695631529] [43.555844729749403:55.434851695631529] [0.22589330659773252:14.619331532776334] [43.735887609019848:54.288608441538862]
tree_sizes=1695 1689 1696 1697 1696 1694 1704 1694 1701 1695 1698 1700 1697 1701 1698 1701 1705 1692 1703 1700 1696 1697 1702 1694 1697 1698 1701 1702 1700 1701 1706 1700 1697 1696 1717 1691 1699 1711 1692 1701 1698 1707 1701 1703 1708 1703 1700 1708 1699 1691

Tree=0
num_leaves=15
num_cat=0
split_feature=4 4 4 5 6 0 4 2 7 7 0 5 2 8
split_gain=6332.24 326.41 155.916 50.7168 39.5535 36.5196 33.763 24.6739 34.4704 24.6662 26.5703 24.0559 19.5593 41.9181
threshold=-0.37340435757313201 0.92011019527470495 -1.7694987779384321 1.5244999217216419 52.688183572244974 4.5000000000000009 1.6390326568540587 3.5000000000000004 50.41893394432627 49.61333395061299 5.5000000000000009 2.3318513339573195 2.5000000000000004 1.558601205292615
decision_type=2 2 2 2 2 2 2 2 2 2 2 2 2 2
left_child=2 5 -1 9 11 -2 -3 12 -9 10 -4 -5 13 -7
right_child=1 6 3 4 -6 7 -8 8 -10 -11 -12 -13 -14 -15
leaf_value=0.012364638025470553 -0.084586309249205127 -0.15600438774099823 -0.01182994277755274 -0.091860879243878465 -0.18312366644978051 -0.056351800104758654 -0.17896434687573648 -0.17477444406953035 -0.032837663605278795 -0.0056430535667499199 -0.07567280451264885 -0.016139218844778605 -0.14059669202375843 -0.14304739902458002
leaf_weight=858.36337089538574 75.605843424797058 199.12034010887146 30.941005229949951 25.201947808265686 7.7352513074874869 24.453375101089478 817.44139623641968 5.9885816574096706 14.971454143524168 96.06683075428009 34.434344530105591 17.965744972229004 138.73547506332397 32.438150644302368
leaf_count=3440 303 798 124 101 31 98 3276 24 60 385 138 72 556 130
internal_value=-0.0873037 -0.16108 0.00287467 -0.0354867 -0.079004 -0.114505 -0.174467 -0.124948 -0.073391 -0.0217656 -0.0454571 -0.0603467 -0.130472 -0.105784
internal_weight=0 1308.75 1070.71 212.345 50.9029 292.193 1016.56 216.587 20.96 161.442 65.3753 43.1677 195.627 56.8915
internal_count=9536 5245 4291 851 204 1171 4074 868 84 647 262 173 784 228
is_linear=0
shrinkage=1


Tree=1
num_leaves=15
num_cat=0
split_feature=4 4 4 5 6 0 4 7 0 2 7 5 4 2
split_gain=5722.11 298.367 140.921 42.3538 43.8145 33.0917 31.0743 23.1077 24.5772 22.3429 31.1815 19.488 19.4381 17.7598
threshold=-0.37340435757313201 0.92011019527470495 -2.0140307781340874 1.5244999217216419 52.688183572244974 4.5000000000000009 1.6390326568540587 49.61333395061299 5.5000000000000009 3.5000000000000004 50.41893394432627 2.3318513339573195 -1.6423990251659932 2.5000000000000004
decision_type=2 2 2 2 2 2 2 2 2 2 2 2 2 2
left_child=2 5 -1 7 11 -2 -3 8 -4 13 -11 12 -5 -7
right_child=1 6 3 4 -6 9 -8 -9 -10 10 -12 -13 -14 -15
leaf_value=0.095497209549559814 0.002581241490843135 -0.065545080532226699 0.073125401997952519 0.092012044006007793 -0.082701908667066379 -0.017582207834460888 -0.087622048209575157 0.07835151152933835 0.015370647762520912 -0.083585183021210416 0.051655661278981184 0.06941494133071123 -0.012457704404453186 -0.050785827917760241
leaf_weight=822.96855598688126 75.61466583609581 198.29107671976089 34.748772099614143 5.4961700588464728 9.4353216886520368 56.814868032932281 812.47708117961884 114.74852442741394 39.20047615468502 5.9544131755828884 14.995957016944883 22.49865648150444 23.450493335723881 138.31534039974213
leaf_count=3292 303 798 139 22 38 228 3276 459 157 24 60 90 94 556
internal_value=0 -0.0704351 0.0855165 0.0526058 0.0163434 -0.0258876 -0.083291 0.0643053 0.0425096 -0.0358499 0.0132182 0.0345088 0.00737821 -0.0411181
internal_weight=0 1302.46 1072.55 249.578 60.8806 291.695 1010.77 188.698 73.9492 216.081 20.9504 51.4453 28.9467 195.13
internal_count=9536 5245 4291 999 244 1171 4074 755 296 868 84 206 116 784
is_linear=0
shrinkage=0.05


Tree=2
num_leaves=15
num_cat=0
split_feature=4 4 4 5 6 9 6 4 1 7 6 6 2 2
split_gain=5190.12 274.924 129.117 39.099 44.1539 30.3806 32.2627 29.2178 29.0295 26.5249 27.1095 25.0913 23.9101 52.7602
threshold=-0.37340435757313201 0.92011019527470495 -2.49072484269136 1.5244999217216419 52.688183572244974 51.930117235777708 45.537165601798044 1.8512921649777863 1.0000000180025095e-35 49.560771320264159 50.607483744013471 50.768778110293923 2.5000000000000004 1.5000000000000002
decision_type=2 2 2 2 2 2 2 2 2 2 2 2 2 2
left_child=2 5 -1 9 -5 6 -2 -3 -8 10 -4 12 13 -10
right_child=1 7 3 4 -6 -7 8 -9 11 -11 -12 -13 -14 -15
leaf_value=0.092404801794288352 0.070256772293219846 -0.065174350322472471 0.04941912467235219 0.036989831824576824 -0.079192633435915302 0.035746350821200333 -0.075251200596892553 -0.084826437944865801 -0.053635200933128881 0.07715211908438431 -0.06538439677669218 -0.059096759899977473 -0.026283722126815519 0.069655159439206374
leaf_weight=765.27200505137444 7.9513115137815467 253.07097110152245 80.649315237998962 64.61724166572094 9.362523749470709 19.429255604743958 33.774616166949272 748.62022984027863 14.692732185125349 144.50229477882385 5.4924345910549155 44.98495751619339 148.98755344748497 21.194757729768753
leaf_count=3070 32 1026 323 259 38 78 136 3048 59 579 22 181 600 85
internal_value=0 -0.067433 0.081446 0.0539153 0.0222863 -0.0246536 -0.0289746 -0.0798615 -0.0319674 0.0640604 0.0420992 -0.0256075 -0.0174587 0.0191787
internal_weight=0 1292.71 1069.9 304.624 73.9798 291.015 271.586 1001.69 263.635 230.644 86.1417 229.86 184.875 35.8875
internal_count=9536 5245 4291 1221 297 1171 1093 4074 1061 924 345 925 744 144
is_linear=0
shrinkage=0.05


Tree=3
num_leaves=15
num_cat=0
split_feature=4 4 4 5 0 6 4 2 7 7 9 5 2 8
split_gain=4722.1 255.381 120.159 37.8921 31.9798 29.8193 25.5292 22.0768 22.2878 21.3659 24.4447 19.5177 19.0083 40.8236
threshold=-0.37340435757313201 0.94813278802624701 -1.7694987779384321 1.5244999217216419 5.5000000000000009 52.688183572244974 1.8512921649777863 3.5000000000000004 50.41893394432627 52.186988648263323 50.150110688237739 2.3318513339573195 2.5000000000000004 1.558601205292615
decision_type=2 2 2 2 2 2 2 2 2 2 2 2 2 2
left_child=2 4 -1 -4 9 11 -3 12 -9 10 -2 -5 13 -6
right_child=1 6 3 5 7 -7 -8 8 -10 -11 -12 -13 -14 -15
leaf_value=0.086224393643700992 0.0095697104250345184 -0.062943719082429808 0.056007491645747733 -0.0059140188682049273 0.034512032538710567 -0.08541037497244082 -0.081666160370952923 -0.076413125887047809 0.047392300277704635 0.078077396246175615 -0.049224633093229886 0.062283145339338444 -0.050882865358660434 -0.052942216733866156
leaf_weight=851.77005708217621 61.195902600884438 241.60778516530991 161.11649087071419 25.222784504294395 23.194130465388298 7.5238643139600745 738.95080733299255 4.8805494159460094 14.246254190802572 7.9862996488809577 24.860833138227463 17.963384628295898 131.79937666654587 31.421696096658707
leaf_count=3440 246 988 647 101 93 31 3048 20 57 32 100 72 534 127
internal_value=0 -0.0647089 0.0778435 0.0441435 -0.0243061 0.00644906 -0.077053 -0.0353561 0.0158011 -0.000155129 -0.00741532 0.0224527 -0.040605 -0.0158023
internal_weight=0 1280.14 1063.6 211.827 299.585 50.71 980.559 205.542 19.1268 94.043 86.0567 43.1862 186.415 54.6158
internal_count=9536 5245 4291 851 1209 204 4036 831 77 378 346 173 754 220
is_linear=0
shrinkage=0.05


Tree=4
num_leaves=15
num_cat=0
split_feature=4 4 4 5 6 0 4 7 6 0 6 7 2 7
split_gain=4308.27 238.309 113.197 32.7872 36.9944 27.9991 26.7614 24.5605 24.5309 22.1938 21.4042 21.4078 27.356 21.3526
threshold=-0.37340435757313201 0.92011019527470495 -2.49072484269136 1.5244999217216419 52.688183572244974 3.5000000000000004 1.6390326568540587 49.560771320264159 50.607483744013471 5.5000000000000009 45.537165601798044 50.360737748894756 3.5000000000000004 51.360764034601253
decision_type=2 2 2 2 2 2 2 2 2 2 2 2 2 2
left_child=2 5 -1 7 -5 -2 -3 8 9 -4 -7 -12 13 -13
right_child=1 6 3 4 -6 10 -8 -9 -10 -11 11 12 -14 -15
leaf_value=0.085017974055397086 0.0081894138479215589 -0.057403127934554488 0.072616410559233055 0.033109835578556811 -0.074338048359895867 0.069827662321620618 -0.078167650247119455 0.070813565013645927 -0.06527492880903206 0.019837898811088758 -0.043905697477341694 0.0027350024895639573 0.048624999196347607 -0.055515479716750152
leaf_weight=751.964420825243 59.525909170508385 193.56873233616352 36.687670186161995 64.343367040157318 9.1500894427299482 5.2171653360128394 782.19458448886871 142.93475110828876 5.4910314977169028 43.578154787421227 146.28165024518967 31.840500384569168 15.234405651688574 31.097418710589409
leaf_count=3070 239 798 148 259 38 21 3276 579 22 175 595 129 61 126
internal_value=0 -0.0622337 0.0746314 0.0487851 0.0197323 -0.02237 -0.0740485 0.0581216 0.0369673 0.0439617 -0.0302904 -0.0326175 -0.0114942 -0.0260464
internal_weight=0 1264.96 1054.15 302.185 73.4935 289.197 975.763 228.692 85.7569 80.2658 229.671 224.454 78.1723 62.9379
internal_count=9536 5245 4291 1221 297 1171 4074 924 345 323 932 911 316 255
is_linear=0
shrinkage=0.05


Tree=5
num_leaves=15
num_cat=0
split_feature=4 4 4 5 0 6 4 7 9 2 7 5 7 0
split_gain=3940.05 223.785 106.493 31.79 27.3494 24.8554 23.812 19.3314 22.3095 17.9148 18.8142 17.7631 17.5993 22.3649
threshold=-0.37340435757313201 0.94813278802624701 -1.7694987779384321 1.5244999217216419 5.5000000000000009 52.688183572244974 1.8512921649777863 52.186988648263323 50.150110688237739 3.5000000000000004 50.41893394432627 2.3318513339573195 49.560771320264159 5.5000000000000009
decision_type=2 2 2 2 2 2 2 2 2 2 2 2 2 2
left_child=2 4 -1 12 7 11 -3 8 -2 -6 -11 -5 13 -4
right_child=1 6 3 5 9 -7 -8 -9 -10 10 -12 -13 -14 -15
leaf_value=0.07978126395847529 0.0095142552052822904 -0.058036303692632109 0.060865950119403323 -0.0072696881738570449 -0.037157189738984873 -0.080182324576775765 -0.076347442570220858 0.074637298899967328 -0.046756109063516578 -0.072030212239680272 0.042692784083063422 0.057906457556548586 0.064247316184631351 0.0011722435584595242
leaf_weight=832.09317430853844 61.162134855985641 236.27000337839127 30.595612317323685 25.23872996866703 184.47699634730816 7.276576116681098 714.29978656768799 7.985873505473136 24.739341989159584 4.7741260826587704 14.213655009865759 17.845776200294495 96.669627547264099 32.209900349378586
leaf_count=3440 246 988 124 101 754 31 3048 32 100 20 57 72 394 129
internal_value=0 -0.0599538 0.071754 0.0399226 -0.0220966 0.00529089 -0.0717961 0.000226237 -0.00669142 -0.0323973 0.0138478 0.0197265 0.050859 0.0302519
internal_weight=0 1247.92 1041.93 209.836 297.352 50.3611 950.57 93.8874 85.9015 203.465 18.9878 43.0845 159.475 62.8055
internal_count=9536 5245 4291 851 1209 204 4036 378 346 831 77 173 647 253
is_linear=0
shrinkage=0.05


Tree=6
num_leaves=15
num_cat=0
split_feature=4 4 4 6 1 4 0 2 2 8 2 7 4 8
split_gain=3610.86 211.269 102.389 29.3782 31.1097 28.0947 25.207 27.3742 30.0024 63.0142 21.0144 20.8534 19.7468 18.9084
threshold=-0.37340435757313201 1.0183180877525113 -2.49072484269136 45.537165601798044 1.0000000180025095e-35 -1.0365803917767862 4.5000000000000009 3.5000000000000004 2.5000000000000004 1.558601205292615 1.5000000000000002 52.294375591438012 1.8512921649777863 1.7656891655295981
decision_type=2 2 2 2 2 2 2 2 2 2 2 2 2 2
left_child=2 3 -1 -2 -5 10 -6 8 9 -8 11 -4 -3 -7
right_child=1 12 5 4 6 13 7 -9 -10 -11 -12 -13 -14 -15
leaf_value=0.079236530587105197 0.069473927237315478 -0.056750398484105562 0.055102517056537861 -0.068266612028872964 0.0064415108223425752 0.033165735089684005 0.066183852081915767 0.028458183320687409 -0.047139017715282346 -0.047983365220796409 0.059460496392775369 -0.077862060621638612 -0.074067961065813523 -0.022946531836895136
leaf_weight=729.71132457256317 8.4540326893329603 215.24047118425369 6.0851689726114255 36.59542790055275 70.953020915389061 81.458697378635406 20.376180216670036 19.193147122859955 128.86253207921982 29.707969143986702 186.04823684692383 5.7212187051773071 699.83441770076752 18.405653432011604
leaf_count=3070 34 912 25 151 286 332 82 78 532 122 765 24 3048 75
internal_value=0 -0.0578493 0.0691545 -0.0224708 -0.0250136 0.0444434 -0.0191314 -0.0282889 -0.0343754 -0.0015357 0.0553556 -0.00933035 -0.0699946 0.0228239
internal_weight=0 1229.22 1027.43 314.142 305.688 297.719 269.093 198.14 178.947 50.0841 197.855 11.8064 915.075 99.8644
internal_count=9536 5245 4291 1285 1251 1221 1100 814 736 204 814 49 3960 407
is_linear=0
shrinkage=0.05


Tree=7
num_leaves=15
num_cat=0
split_feature=4 4 4 6 4 4 2 7 5 8 1 5 9 6
split_gain=3320.8 177.389 124.912 37.3778 31.8527 23.0955 19.8042 43.4238 19.368 23.9975 21.5118 37.1613 19.1588 20.8898
threshold=1.0000000180025095e-35 -1.102323130644663 1.5031400701766939 45.537165601798044 -2.49072484269136 0.77835880525925061 3.5000000000000004 51.221854952560683 1.5158044911580448 2.3065403032202272 1.5000000000000002 1.0012373843636697 51.930117235777708 50.768778110293923
decision_type=2 2 2 2 2 2 2 2 2 2 2 2 2 2
left_child=1 4 3 -2 -1 12 -7 -8 10 -10 11 -3 13 -5
right_child=2 8 -4 5 -6 6 7 -9 9 -11 -12 -13 -14 -15
leaf_value=0.076760859870217787 0.058678070528816309 -0.062963438970608229 -0.070737858963182354 -0.021489198318643953 0.053587757548662587 -0.05618346138758832 -0.06414299051886567 0.092145419793298003 -0.029122890737151404 0.051152523648560523 0.038410697031869542 0.057644627651884543 0.03820688856419998 -0.067624844996053049
leaf_weight=715.93104109168053 10.243742674589155 15.323416098952295 772.2028181552887 139.06460365653038 187.03278458118439 164.63224413990974 11.114821568131449 7.4056728631258002 38.09949292242527 12.320322707295416 95.198019489645958 10.95107366144657 11.092200741171835 29.792286574840546
leaf_count=3070 42 63 3428 571 777 699 47 31 155 50 390 45 45 123
internal_value=0 0.0630986 -0.0592575 -0.0355123 0.071961 -0.0381696 -0.0506689 -0.00164893 0.0165436 -0.00950721 0.0273566 -0.0126946 -0.0254477 -0.0296291
internal_weight=0 1074.86 1145.55 373.346 902.964 363.102 183.153 18.5205 171.892 50.4198 121.473 26.2745 179.949 168.857
internal_count=9536 4550 4986 1558 3847 1516 777 78 703 205 498 108 739 694
is_linear=0
shrinkage=0.05


Tree=8
num_leaves=15
num_cat=0
split_feature=4 4 4 6 4 4 2 7 7 7 2 7 5 7
split_gain=3052.46 167.142 120.298 33.9245 31.5855 21.6133 19.0576 21.5553 22.6791 19.796 18.2801 39.2053 17.5403 22.3462
threshold=1.0000000180025095e-35 -1.102323130644663 1.5031400701766939 45.537165601798044 -3.0215838911922974 0.77835880525925061 1.5000000000000002 49.392526960019758 49.227555017001912 52.294375591438012 3.5000000000000004 51.221854952560683 1.5158044911580448 47.284963283875605
decision_type=2 2 2 2 2 2 2 2 2 2 2 2 2 2
left_child=1 4 3 -2 -1 -5 9 8 -8 -6 -7 -12 -3 -14
right_child=2 12 -4 5 6 10 7 -9 -10 -11 11 -13 13 -15
leaf_value=0.075662280821786804 0.055479889839593434 0.026071216657413174 -0.068828624145110442 -0.024283122470305549 0.052522473351215973 -0.054144148796204938 0.043822852212892428 0.066891869263245529 -0.048903471634157487 -0.076804640884802905 -0.061891226664736149 0.086601915445282229 0.079862668022290251 -0.021536591187770109
leaf_weight=633.29388046264648 10.291210383176802 121.10114513337612 754.39385372400284 179.18433444201946 6.4313704222440702 162.34969615936279 57.451343774795532 176.00425580143929 7.4491620957851401 5.4803676456212997 10.947502642869951 7.4835388064384452 6.1964565962553015 44.124306052923203
leaf_count=2774 42 498 3428 739 27 699 241 751 31 23 47 31 25 180
internal_value=0 0.0609549 -0.0573724 -0.0340304 0.0696978 -0.0365894 0.0547572 0.0578098 0.0331799 -0.00697851 -0.048787 -0.00159869 0.0157613 -0.00905037
internal_weight=0 1057.53 1124.65 370.256 886.11 359.965 252.816 240.905 64.9005 11.9117 180.781 18.431 171.422 50.3208
internal_count=9536 4550 4986 1558 3847 1516 1073 1023 272 50 777 78 703 205
is_linear=0
shrinkage=0.05


Tree=9
num_leaves=15
num_cat=0
split_feature=4 4 4 5 6 0 7 6 4 0 2 2 8 1
split_gain=2809.81 180.505 90.5755 24.8371 28.0535 23.0775 21.5263 21.6105 19.7094 18.9851 17.8285 18.0821 36.5398 39.4392
threshold=-0.37340435757313201 1.0183180877525113 -2.49072484269136 1.5244999217216419 52.688183572244974 5.5000000000000009 49.61333395061299 50.607483744013471 2.4458969113224054 5.5000000000000009 3.5000000000000004 2.5000000000000004 1.648537260116145 1.5000000000000002
decision_type=2 2 2 2 2 2 2 2 2 2 2 2 2 2
left_child=2 5 -1 6 -5 -2 7 9 -3 -4 11 12 13 -7
right_child=1 8 3 4 -6 10 -8 -9 -10 -11 -12 -13 -14 -15
leaf_value=0.072520546826100249 0.00058750036401699832 -0.054563399531633174 0.062133570691739949 0.025371520137713523 -0.06985863588133949 -0.078180200288646653 0.060149401342984132 -0.068063626905494681 -0.070174858307089139 0.013142408100131151 0.016180073503980055 -0.043455187810863716 -0.048449162334577842 0.064122966510759119
leaf_weight=684.85781081020832 96.655511826276779 326.84466680884361 35.169973149895668 62.774209633469582 8.8201467990875226 6.31679140031338 133.15436464548111 5.4766582995653144 530.03450195491314 45.176192536950111 19.90635846555233 135.77303625643253 29.673601880669594 21.243429645895958
leaf_count=3070 393 1481 148 259 38 26 569 22 2479 185 82 573 125 86
internal_value=0 -0.0523978 0.0625962 0.039205 0.0136395 -0.0196741 0.0475636 0.0280368 -0.0642201 0.0345873 -0.0288722 -0.0335188 -0.00994722 0.0315071
internal_weight=0 1166.45 975.429 290.572 71.5944 309.569 218.977 85.8228 856.879 80.3462 212.913 193.007 57.2338 27.5602
internal_count=9536 5245 4291 1221 297 1285 924 355 3960 333 892 810 237 112
is_linear=0
shrinkage=0.05


Tree=10
num_leaves=15
num_cat=0
split_feature=4 4 4 6 4 4 9 6 2 7 7 7 2 7
split_gain=2594.63 151.238 112.694 31.2253 29.8912 18.9888 17.2854 19.0628 16.6835 20.0613 20.1102 17.211 16.6429 35.5217
threshold=1.0000000180025095e-35 -1.102323130644663 1.5031400701766939 45.537165601798044 -3.0215838911922974 0.77835880525925061 51.930117235777708 50.768778110293923 1.5000000000000002 49.392526960019758 49.227555017001912 52.294375591438012 3.5000000000000004 51.221854952560683
decision_type=2 2 2 2 2 2 2 2 2 2 2 2 2 2
left_child=1 4 3 -2 -1 6 7 -5 11 10 -10 -6 -7 -14
right_child=2 -3 -4 5 8 12 -8 -9 9 -11 -12 -13 13 -15
leaf_value=0.071831797749881063 0.054584224480113908 0.01416643374379499 -0.065485406884936051 -0.018520942869383949 0.048865950839595343 -0.05067904608069488 0.038246530918858365 -0.063100881808227136 0.040354118651873612 0.06301022637503112 -0.046964224629560652 -0.073098656805894988 -0.058761476558099102 0.083374414177934147
leaf_weight=603.25298976898193 10.280525743961332 169.90837651491165 717.23896832764149 137.40901125967503 6.2837042957544309 157.67163272202015 11.061251446604727 29.049507230520248 56.282093659043312 170.12587143480778 7.4689969420433036 5.3597266972064972 10.650853410363199 7.4846326410770407
leaf_count=2774 42 703 3428 571 27 699 45 123 241 751 31 23 47 31
internal_value=0 0.057226 -0.0539901 -0.0313147 0.0658458 -0.0338141 -0.0222789 -0.0263008 0.0511378 0.054046 0.030124 -0.00727703 -0.0454616 -0.000101073
internal_weight=0 1018.68 1080.85 363.607 848.773 353.327 177.52 166.459 245.52 233.877 63.7511 11.6434 175.807 18.1355
internal_count=9536 4550 4986 1558 3847 1516 739 694 1073 1023 272 50 777 78
is_linear=0
shrinkage=0.05


Tree=11
num_leaves=15
num_cat=0
split_feature=4 4 4 4 6 7 5 0 2 9 2 1 5 5
split_gain=2393.5 144.62 109.365 31.3758 28.3799 18.7689 20.2069 29.3947 24.944 21.74 20.9191 41.3537 18.1126 27.6523
threshold=1.0000000180025095e-35 -1.0365803917767862 1.5031400701766939 -3.0215838911922974 45.537165601798044 48.729186127794868 0.91350879586488121 4.5000000000000009 3.5000000000000004 50.097968829204234 2.5000000000000004 2.5000000000000004 1.4202852396471777 1.1563310830445326
decision_type=2 2 2 2 2 2 2 2 2 2 2 2 2 2
left_child=1 3 4 -1 -2 -6 -7 -8 9 10 11 -9 13 -12
right_child=2 -3 -4 -5 5 6 7 8 -10 -11 12 -13 -14 -15
leaf_value=0.070158274116840613 0.051730786815109189 0.012100393700364255 -0.063977790015287306 0.049017944721725562 -0.051891120142891128 -0.047278670725877409 0.025761464206295173 -0.03650756132880769 0.036801101705200866 -0.055938929939531194 -0.060725415625655345 0.085076830494283509 -0.068383320264508954 0.04153794471703301
leaf_weight=587.16851904988289 10.304516434669493 161.03273345530033 697.92459055781364 250.34595108032227 91.699280798435211 75.672794938087463 33.513431668281555 15.332514777779581 14.265898883342741 57.67386956512928 12.633678406476976 12.858802855014799 22.278574824333191 13.865418687462805
leaf_count=2774 42 666 3428 1110 397 330 140 67 60 254 56 53 98 61
internal_value=0 0.0554954 -0.0524308 0.0638391 -0.0300511 -0.0324603 -0.0255567 -0.016546 -0.0260677 -0.0327289 -0.0153373 0.0189503 -0.0351539 -0.00721701
internal_weight=0 998.547 1058.02 837.514 360.099 349.794 258.095 182.422 148.909 134.643 76.969 28.1913 48.7777 26.4991
internal_count=9536 4550 4986 3884 1558 1516 1119 789 649 589 335 120 215 117
is_linear=0
shrinkage=0.05


Tree=12
num_leaves=15
num_cat=0
split_feature=4 4 4 5 6 6 1 7 0 6 4 8 7 2
split_gain=2211.48 158.978 83.8255 23.2741 24.5073 22.7197 27.4874 19.9447 19.1398 18.8999 18.8182 20.6181 20.6719 23.2188
threshold=-0.37340435757313201 1.0589828349069863 -2.49072484269136 1.5244999217216419 52.688183572244974 45.537165601798044 1.0000000180025095e-35 49.61333395061299 4.5000000000000009 50.607483744013471 2.5372491659749463 2.4854751745369605 49.671197218586592 1.5000000000000002
decision_type=2 2 2 2 2 2 2 2 2 2 2 2 2 2
left_child=2 5 -1 7 -5 -2 -7 9 -8 -4 11 -3 -13 -14
right_child=1 10 3 4 -6 6 8 -9 -10 -11 -12 12 13 -15
leaf_value=0.067486704075229095 0.06105606411726016 -0.053837663967676891 0.030344447117309804 0.020895138000891433 -0.068685609841417153 -0.061064690773163649 0.0076703228790997091 0.055442322883245548 -0.022557916236764047 -0.065660646223819882 -0.066156580351877256 -0.064391611475453137 -0.036888907263746253 0.096694108594881645
leaf_weight=632.8601021617651 8.8984055221080762 291.61066383123398 78.607042759656906 61.62275692820549 8.7146642804145795 35.928304195404053 71.440862894058228 127.7090719640255 196.13083170354366 5.4840357899665824 472.66231767833233 8.395798936486246 5.955645024776457 7.1681893467903137
leaf_count=3070 36 1412 333 259 38 156 291 569 840 22 2405 41 29 35
internal_value=0 -0.0478637 0.057382 0.0347162 0.00979626 -0.0176921 -0.0200009 0.0429919 -0.0144871 0.0240834 -0.0598587 -0.0503523 -0.00312248 0.0360736
internal_weight=0 1098.19 914.998 282.138 70.3374 312.398 303.5 211.8 267.572 84.0911 785.793 313.13 21.5196 13.1238
internal_count=9536 5245 4291 1221 297 1323 1287 924 1131 355 3922 1517 105 64
is_linear=0
shrinkage=0.05


Tree=13
num_leaves=15
num_cat=0
split_feature=4 4 4 6 7 7 5 8 1 5 7 0 7 5
split_gain=2046.38 133.822 103.653 24.1879 23.9765 40.5341 21.1848 21.8405 19.5854 26.2387 18.0687 35.8442 17.5636 18.6297
threshold=1.0000000180025095e-35 -1.3333540640502599 1.5031400701766939 45.537165601798044 48.729186127794868 48.50022207429334 1.5158044911580448 2.3314923244221673 1.5000000000000002 1.0012373843636697 49.435442950636613 11.500000000000002 48.729186127794868 0.91350879586488121
decision_type=2 2 2 2 2 2 2 2 2 2 2 2 2 2
left_child=1 4 3 -2 5 -1 8 -8 9 -3 11 -10 -5 -14
right_child=2 6 -4 12 -6 -7 7 -9 10 -11 -12 -13 13 -15
leaf_value=0.049350382770257106 0.047963136865899064 -0.039614184461296671 -0.061294018949412069 -0.049020804187025133 0.064217060407921842 -0.076330291373852083 -0.027424196866120489 0.044029203697351832 0.039668006454075644 0.051351163079273565 0.052262018793706712 -0.063450197053476029 -0.044377704359662706 -0.01455041658491618
leaf_weight=32.886568546295166 10.249885484576224 21.846437886357307 659.1951492279768 89.530245766043663 713.62000009417534 7.9702059626579276 42.741754740476608 14.263236835598944 29.881709784269333 12.442328751087187 69.335168600082397 11.73755596578121 73.928881868720055 179.35331457853317
leaf_count=151 42 92 3428 397 3511 37 176 59 124 53 299 48 330 789
internal_value=0 0.0524024 -0.0495846 -0.0277223 0.0620843 0.024833 0.0162846 -0.00954582 0.0264225 -0.00660568 0.0366294 0.0105864 -0.0299852 -0.0232565
internal_weight=0 956.725 1012.26 353.062 754.477 40.8568 202.248 57.005 145.243 34.2888 110.954 41.6193 342.812 253.282
internal_count=9536 4550 4986 1558 3699 188 851 235 616 145 471 172 1516 1119
is_linear=0
shrinkage=0.05


Tree=14
num_leaves=15
num_cat=0
split_feature=4 4 4 5 8 6 1 7 0 4 5 9 6 2
split_gain=1891.55 130.46 101.495 26.7797 23.2052 21.9818 20.7139 21.0006 32.6417 17.303 15.521 15.1585 18.5295 14.4491
threshold=1.0000000180025095e-35 -1.7694987779384321 1.5031400701766939 1.5158044911580448 2.3314923244221673 45.537165601798044 1.0000000180025095e-35 49.392526960019758 11.500000000000002 0.77835880525925061 1.0012373843636697 51.930117235777708 50.768778110293923 3.5000000000000004
decision_type=2 2 2 2 2 2 2 2 2 2 2 2 2 2
left_child=1 -1 5 6 -5 -2 10 8 -8 11 -3 12 -7 -11
right_child=2 3 -4 4 -6 9 7 -9 -10 13 -12 -13 -14 -15
leaf_value=0.062495842055904319 0.045609866973821994 -0.041838806016999359 -0.060056615562586041 -0.022721520338526768 0.042501310989542886 -0.013818455699366163 0.03586799453473994 0.051232182952250675 -0.047695432473153825 -0.045315917200474252 0.035977260054227612 0.039128398308732645 -0.058552692674897044 0.0025360250761560302
leaf_weight=676.76192736625671 10.240009695291517 15.817565694451334 639.63591480255127 51.858445063233376 18.5029626339674 134.28223343193531 44.643837630748749 101.24702306091785 15.83029183745384 148.95450101792812 10.771885082125662 10.997531756758688 27.970251649618149 17.64406780898571
leaf_count=3440 42 67 3428 215 78 571 188 451 65 699 46 45 123 78
internal_value=0 0.0509518 -0.048211 0.0207491 -0.00556985 -0.0265682 0.0305831 0.0373072 0.0139936 -0.028743 -0.0103141 -0.0176796 -0.0215301 -0.040248
internal_weight=0 935.434 989.725 258.672 70.3614 350.089 188.311 161.721 60.4741 339.849 26.5895 173.25 162.252 166.599
internal_count=9536 4550 4986 1110 293 1558 817 704 253 1516 113 739 694 777
is_linear=0
shrinkage=0.05


Tree=15
num_leaves=15
num_cat=0
split_feature=4 4 4 5 6 4 7 7 2 8 6 1 7 6
split_gain=1752.92 142.443 80.8048 19.7928 22.0034 19.5147 19.3281 39.9096 42.8696 39.9463 17.6968 25.2713 17.398 25.7291
threshold=-0.37340435757313201 1.0589828349069863 -2.49072484269136 1.5244999217216419 52.688183572244974 2.4458969113224054 50.958732475727054 51.121758076818573 3.5000000000000004 0.97028051887491318 45.537165601798044 1.0000000180025095e-35 52.186988648263323 50.77264546879217
decision_type=2 2 2 2 2 2 2 2 2 2 2 2 2 2
left_child=2 10 -1 -4 -5 6 -3 9 -9 -8 -2 -12 13 -13
right_child=1 5 3 4 -6 -7 7 8 -10 -11 11 12 -14 -15
leaf_value=0.063619846525415885 0.054618537298429796 -0.052709638357632739 0.03843062842758499 0.018046375267768738 -0.067667059252760148 -0.062542656812165004 -0.067641496542137636 -0.055057141577563674 0.10044861093269658 0.13076702662034553 -0.057521026246395782 -0.0083586731060636323 0.029149431299669327 -0.0505158849262516
leaf_weight=579.40721654891968 8.7717578262090665 216.72319878637791 202.78523847460747 60.264704704284668 8.5496448129415494 443.89627039432526 3.8312440365552884 45.830150634050369 4.9064448326826087 7.5088417232036591 34.740947529673576 195.85824230313301 23.24811552464962 44.396782532334328
leaf_count=3070 36 1128 924 259 38 2479 20 236 21 38 156 837 97 197
internal_value=0 -0.0439103 0.0530712 0.0305678 0.00739715 -0.0560312 -0.0456638 -0.0210655 -0.0400191 0.0637348 -0.0153784 -0.0174371 -0.0121524 -0.0161489
internal_weight=0 1029.71 851.007 271.6 68.8143 722.696 278.8 62.0767 50.7366 11.3401 307.016 298.244 263.503 240.255
internal_count=9536 5245 4291 1221 297 3922 1443 315 257 58 1323 1287 1131 1034
is_linear=0
shrinkage=0.05


Tree=16
num_leaves=15
num_cat=0
split_feature=4 4 4 5 8 1 7 0 6 4 7 7 7 0
split_gain=1624.09 121.953 96.7569 22.8578 20.889 18.816 19.6909 29.3943 17.0999 17.7851 15.1573 39.9993 14.0938 14.0398
threshold=1.0000000180025095e-35 -1.7694987779384321 1.6390326568540587 1.5158044911580448 2.3314923244221673 1.0000000180025095e-35 49.392526960019758 11.500000000000002 45.537165601798044 0.77835880525925061 48.761916060184753 48.50022207429334 49.494360905686655 6.5000000000000009
decision_type=2 2 2 2 2 2 2 2 2 2 2 2 2 2
left_child=1 10 8 5 -5 12 7 -7 -2 13 11 -1 -3 -10
right_child=2 3 -4 4 -6 6 -8 -9 9 -11 -12 -13 -14 -15
leaf_value=0.057531132168926351 0.034226659476247118 0.024608829701301363 -0.058644909249548162 -0.021577476039948144 0.040618637284344492 0.033128526246502275 0.04852739783489933 -0.046434936968387241 0.0024033415825885206 -0.038373228175231783 0.061696069725064175 -0.080517046391150232 -0.048595073228982072 -0.027178030649606607
leaf_weight=22.027143165469173 11.464230582118033 13.573742955923082 572.12911224365234 51.54201927781105 18.290577366948128 44.060323759913445 98.604498162865639 15.760993227362631 63.988720014691353 189.16644477844238 608.84714083373547 6.8881143778562537 12.752132356166838 107.49238730967045
leaf_count=112 49 58 3276 215 78 188 451 65 267 922 3295 33 55 472
internal_value=0 0.0483378 -0.0457369 0.0190819 -0.00528705 0.0282929 0.0347974 0.0121661 -0.0258906 -0.0278016 0.0600163 0.0246457 -0.0108508 -0.0161396
internal_weight=0 892.347 944.241 254.584 69.8326 184.752 158.426 59.8213 372.112 360.648 637.762 28.9153 26.3259 171.481
internal_count=9536 4550 4986 1110 293 817 704 253 1710 1661 3440 145 113 739
is_linear=0
shrinkage=0.05


Tree=17
num_leaves=15
num_cat=0
split_feature=4 4 4 4 8 7 1 5 6 7 6 0 9 7
split_gain=1505.26 132.266 78.7217 19.9475 20.8173 19.6063 20.8186 17.354 19.8602 16.822 17.7635 17.1223 15.4549 22.0533
threshold=-0.37340435757313201 1.0589828349069863 -2.49072484269136 2.5372491659749463 2.4854751745369605 49.671197218586592 2.5000000000000004 1.5244999217216419 52.688183572244974 49.61333395061299 50.607483744013471 5.5000000000000009 51.930117235777708 51.360764034601253
decision_type=2 2 2 2 2 2 2 2 2 2 2 2 2 2
left_child=2 12 -1 4 -3 -6 -7 9 -9 10 11 -4 13 -2
right_child=1 3 7 -5 5 6 -8 8 -10 -11 -12 -13 -14 -15
leaf_value=0.06143633241071559 -0.012484540410069606 -0.047256584164761646 0.052131369836691976 -0.060888515965313139 -0.058667169801237221 0.11916109393872872 -0.011856041160396714 0.016515699955282973 -0.065847306703274378 0.047869355811274529 -0.069002807192575358 0.0039275268615303954 0.026791269877069486 -0.058657281561457414
leaf_weight=543.28517012298107 253.24179501831532 258.79748259484768 32.111758038401604 402.54504188895226 7.345383673906329 5.3177366107702237 7.0541156530380249 59.49543970823288 8.3458236604928953 116.37931650876999 5.4496024101972571 43.212473973631859 21.486453622579575 28.801994249224663
leaf_count=3070 1103 1412 148 2405 41 27 37 259 38 569 22 185 90 130
internal_value=0 -0.0415366 0.0505385 -0.0537708 -0.0434835 0.00604043 0.0444585 0.028196 0.00638341 0.0357018 0.0181706 0.0244775 -0.0140856 -0.0171996
internal_weight=0 984.59 808.28 681.06 278.515 19.7172 12.3719 264.994 67.8413 197.153 80.7738 75.3242 303.53 282.044
internal_count=9536 5245 4291 3922 1517 105 64 1221 297 924 355 333 1323 1233
is_linear=0
shrinkage=0.05


Tree=18
num_leaves=15
num_cat=0
split_feature=4 4 4 4 5 7 6 2 6 6 8 8 6 7
split_gain=1396.4 115.021 93.3894 26.5636 16.0975 20.9931 28.74 18.8316 18.0856 19.1226 25.5218 18.0917 17.322 15.8926
threshold=1.0000000180025095e-35 -2.49072484269136 1.6390326568540587 -0.97043761767723113 0.91350879586488121 50.768778110293923 50.845385997653196 3.5000000000000004 49.868396366337954 49.50959229192474 1.0895036926136579 0.95318006453574255 45.537165601798044 49.058290730499728
decision_type=2 2 2 2 2 2 2 2 2 2 2 2 2 2
left_child=1 -1 4 -3 -2 8 -7 -8 9 12 -11 -10 -6 -14
right_child=2 3 -4 -5 5 6 7 -9 11 10 -12 -13 13 -15
leaf_value=0.060426521603506013 -0.040253718584829373 0.035586729026410586 -0.056676855199326692 0.0068295024177126192 0.033905369152187718 0.044850550903052899 -0.036598916816848827 0.051156561012926954 0.043632545674702428 0.12382156357641572 -0.0035381283063883428 -0.061647014833462521 -0.045169174947961709 -0.0048222796697446014
leaf_weight=525.20516869425774 106.33623670041561 177.07598559558392 535.94978065788746 146.93975500762463 11.42242458462715 28.562722355127335 33.375694826245308 7.4842058867216101 4.4938532859086981 5.1294839978218105 16.871825337409973 44.381693050265312 68.912593185901642 37.79182767868042
leaf_count=3070 512 851 3276 629 49 128 156 31 20 22 79 212 325 176
internal_value=0 0.0459732 -0.0433947 0.0225454 -0.0238791 -0.0171413 0.00637265 -0.020525 -0.0257781 -0.0166436 0.0261551 -0.0519671 -0.0246149 -0.0308794
internal_weight=0 849.221 900.712 324.016 364.763 258.426 69.4226 40.8599 189.004 140.128 22.0013 48.8755 118.127 106.704
internal_count=9536 4550 4986 1480 1710 1198 315 187 883 651 101 232 550 501
is_linear=0
shrinkage=0.05


Tree=19
num_leaves=15
num_cat=0
split_feature=4 4 4 4 5 7 2 7 7 6 6 8 8 6
split_gain=1293.26 113.052 91.5218 24.623 14.9397 19.2347 26.5618 34.3847 20.2487 16.9469 17.3925 22.6555 16.7892 15.7889
threshold=1.0000000180025095e-35 -2.49072484269136 1.6390326568540587 -0.97043761767723113 0.91350879586488121 50.768778110293923 3.5000000000000004 51.121758076818573 50.892342642214849 49.868396366337954 49.50959229192474 1.0895036926136579 0.95318006453574255 45.537165601798044
decision_type=2 2 2 2 2 2 2 2 2 2 2 2 2 2
left_child=1 -1 4 -3 -2 9 7 8 -7 10 13 -12 -11 -6
right_child=2 3 -4 -5 5 6 -8 -9 -10 12 11 -13 -14 -15
leaf_value=0.059476235920977207 -0.038860194483951289 0.034266025303576912 -0.055742245990746113 0.0064918820380451886 0.032222108068374188 0.0052440619147194603 0.072452096035226107 -0.035533376726360859 0.11175349220998448 0.040947706098687635 0.11604096178579587 -0.0033655356780482645 -0.060040337682384592 -0.029672637901663836
leaf_weight=507.36977158486843 104.6845635920763 174.76565919816494 518.14195571839809 146.85473667085171 11.418254449963568 11.324625760316851 12.373198747634886 38.251955568790436 7.3640368431806555 4.5476321727037421 5.1977771669626263 16.850752234458923 43.318003371357918 105.53402239084244
leaf_count=3070 512 851 3276 629 49 51 51 180 33 20 22 79 212 501
internal_value=0 0.0447754 -0.0422779 0.0215841 -0.0229454 -0.0164421 0.00605344 -0.00837499 0.0472128 -0.0247863 -0.0159503 0.0247837 -0.0504456 -0.0236297
internal_weight=0 828.99 879.007 321.62 360.865 256.18 69.3138 56.9406 18.6887 186.866 139.001 22.0485 47.8656 116.952
internal_count=9536 4550 4986 1480 1710 1198 315 264 84 883 651 101 232 550
is_linear=0
shrinkage=0.05


Tree=20
num_leaves=15
num_cat=0
split_feature=4 4 4 4 8 6 0 7 7 7 7 7 6 7
split_gain=1198.97 122.554 75.7199 21.4875 16.5588 19.1592 14.5914 13.6934 20.9854 12.9166 20.5334 12.7253 16.9431 13.2534
threshold=-0.37340435757313201 1.5031400701766939 -2.49072484269136 0.64707282414861234 1.4307908349845995 52.688183572244974 6.5000000000000009 47.649896110617782 48.729186127794868 49.981466058224306 51.360764034601253 49.61333395061299 50.607483744013471 49.494360905686655
decision_type=2 2 2 2 2 2 2 2 2 2 2 2 2 2
left_child=2 3 -1 6 11 -6 7 -2 -9 -8 -11 12 13 -4
right_child=1 -3 4 -5 5 -7 9 8 -10 10 -12 -13 -14 -15
leaf_value=0.058579080800544969 0.046437014628664022 -0.053961900963818546 0.030586047226102048 -0.029036379104964951 0.014527525459239733 -0.065674736788649504 -0.031190704708057227 -0.069349353379630344 0.011206245727800242 0.026774509834095878 -0.039469264527718997 0.044827684514970323 -0.067252702407216411 -0.055807608866005422
leaf_weight=489.82871507108212 20.046183064579964 527.77497509121895 62.299279108643532 191.61480359733105 71.941271647810936 8.3060752898454648 67.630060061812401 9.5329664498567563 53.217277348041534 31.644236207008362 18.558538511395454 104.01888456940651 5.4484747797250739 4.7797813415527335
leaf_count=3070 84 3428 283 950 327 38 302 40 222 135 84 530 22 21
internal_value=0 -0.0382297 0.04705 -0.0170616 0.0250585 0.00622612 -0.00562488 0.0104611 -0.0010317 -0.0169279 0.00228607 0.0336186 0.0175425 0.02443
internal_weight=0 920.019 746.622 392.244 256.794 80.2473 200.629 82.7964 62.7502 117.833 50.2028 176.546 72.5275 67.0791
internal_count=9536 5245 4291 1817 1221 365 867 346 262 521 219 856 326 304
is_linear=0
shrinkage=0.05


Tree=21
num_leaves=15
num_cat=0
split_feature=4 4 4 4 5 8 7 6 0 0 5 2 2 7
split_gain=1111.59 119.218 74.6396 19.7797 15.5023 16.7166 15.6283 14.357 16.3891 13.2341 12.8181 13.9263 13.5181 19.0913
threshold=-0.37340435757313201 1.5031400701766939 -2.49072484269136 0.64707282414861234 1.5244999217216419 2.3652836279941858 49.61333395061299 50.607483744013471 5.5000000000000009 6.5000000000000009 0.99627657931880698 2.5000000000000004 3.5000000000000004 51.221854952560683
decision_type=2 2 2 2 2 2 2 2 2 2 2 2 2 2
left_child=2 3 -1 9 6 -6 7 8 -4 -2 11 -5 -12 -14
right_child=1 -3 4 10 5 -7 -8 -9 -10 -11 12 -13 13 -15
leaf_value=0.057729375065457993 0.0099334974189699485 -0.053072144727955288 0.048219186980245708 0.0074710222450827465 -0.012745286864837195 0.04252062363146944 0.04369939197537772 -0.063831269003080379 0.00015031977517687562 -0.016181317531338318 -0.024600925865440146 -0.057741315124023834 -0.037945608432591434 0.081371611130793886
leaf_weight=472.62334978580475 82.801925033330917 510.23830284178257 30.506459951400757 9.7896078228950483 47.027729362249374 19.29726006090641 109.05087894201279 5.4533134102821341 42.347464367747307 117.1516121327877 116.04720078408718 50.004626482725143 6.0525232851505262 7.5151871293783188
leaf_count=3070 346 3428 148 51 206 91 569 22 185 521 577 261 30 31
internal_value=0 -0.0371718 0.0459863 -0.0163353 0.0241083 0.00333433 0.0314624 0.014421 0.0202784 -0.00536702 -0.0279142 -0.0470646 -0.0190797 0.0281445
internal_weight=0 899.601 726.306 389.363 253.683 66.325 187.358 78.3072 72.8539 199.954 189.409 59.7942 129.615 13.5677
internal_count=9536 5245 4291 1817 1221 297 924 355 333 867 950 312 638 61
is_linear=0
shrinkage=0.05


Tree=22
num_leaves=15
num_cat=0
split_feature=4 4 4 4 5 7 6 7 9 2 1 7 7 5
split_gain=1031.48 105.695 86.4562 21.2545 13.4522 17.1797 24.3092 17.284 16.3488 15.7377 16.7658 14.2881 26.4577 35.1489
threshold=1.0000000180025095e-35 -2.49072484269136 1.6390326568540587 -1.0365803917767862 0.91350879586488121 50.768778110293923 50.845385997653196 52.611659680077118 50.150110688237739 2.5000000000000004 3.5000000000000004 49.058290730499728 49.704160498760011 1.3364034637394233
decision_type=2 2 2 2 2 2 2 2 2 2 2 2 2 2
left_child=1 -1 4 -3 9 8 -7 -8 11 10 -2 -6 13 -13
right_child=2 3 -4 -5 5 6 7 -9 -10 -11 -12 12 -14 -15
leaf_value=0.056922085526080191 -0.067130983103263611 0.031933137575405841 -0.053187121613363246 0.0058575087583873416 -0.027681213972643611 0.04242009911898606 -0.049605459852033906 0.016641583766549856 -0.054178771547985484 -0.044075708226630123 0.047137620421365212 0.093130196579859825 -0.036462591818861564 -0.009132960158034947
leaf_weight=455.78740274906158 4.6638266742229453 159.75774893164635 467.62730540335178 152.98407524824142 89.655875414609909 28.599307090044022 20.712017104029655 18.767004951834679 32.650548204779625 85.341302216053009 10.297921136021612 13.987956181168554 23.982204586267471 21.043450862169266
leaf_count=3070 25 814 3276 666 432 128 103 84 167 435 52 67 118 99
internal_value=0 0.0415626 -0.0391244 0.0191777 -0.0203195 -0.0141004 0.00731612 -0.0181138 -0.0221415 -0.035783 0.0115182 -0.0151055 0.00400007 0.0317005
internal_weight=0 768.529 817.329 312.742 349.701 249.398 68.0783 39.479 181.32 100.303 14.9617 148.669 59.0136 35.0314
internal_count=9536 4550 4986 1480 1710 1198 315 187 883 512 77 716 284 166
is_linear=0
shrinkage=0.05


Tree=23
num_leaves=15
num_cat=0
split_feature=4 4 4 4 8 6 6 7 7 0 0 7 7 7
split_gain=955.964 112.904 72.7766 18.1589 14.8159 17.1368 13.133 14.6182 13.0669 23.3367 11.743 12.6401 18.8272 11.7954
threshold=-0.37340435757313201 1.5031400701766939 -2.49072484269136 0.64707282414861234 1.4307908349845995 52.688183572244974 45.537165601798044 48.729186127794868 48.91740009181725 13.500000000000002 6.5000000000000009 47.649896110617782 48.729186127794868 49.981466058224306
decision_type=2 2 2 2 2 2 2 2 2 2 2 2 2 2
left_child=2 3 8 10 -4 -6 -5 -8 9 -1 11 -2 -13 -12
right_child=1 -3 4 6 5 -7 7 -9 -10 -11 13 12 -14 -15
leaf_value=0.056259330671530265 0.0444810093857788 -0.051404576654210804 0.030609788143692692 0.043454946039303957 0.012295379964099015 -0.064234355578817251 -0.054934597161532067 -0.020947973652251779 0.057725554486855769 -0.078160030505931205 -0.02853336016909155 -0.066489243119528738 0.010386574367986344 0.0037004202492543696
leaf_weight=9.160630062222479 20.063614726066589 476.70611593127251 169.55883610248566 6.5222875028848639 70.572384417057037 8.1608045101165754 41.11328312754631 137.28791789710522 425.20104488730431 4.9865515381097785 66.242688328027725 9.3675971031188947 53.164019837975502 49.656065240502357
leaf_count=60 84 3428 856 27 327 38 222 701 2978 32 302 40 222 219
internal_value=0 -0.0351583 0.0439245 -0.0149592 0.0222869 0.00436297 -0.0262326 -0.0287803 0.0561527 0.00887964 -0.00445646 0.0099497 -0.00112987 -0.014723
internal_weight=0 860.124 687.64 383.417 248.292 78.7332 184.923 178.401 439.348 14.1472 198.494 82.5952 62.5316 115.899
internal_count=9536 5245 4291 1817 1221 365 950 923 3070 92 867 346 262 521
is_linear=0
shrinkage=0.05


Tree=24
num_leaves=15
num_cat=0
split_feature=4 4 4 4 8 7 5 1 0 2 8 2 7 7
split_gain=891.796 149.191 35.4849 22.0357 23.1125 20.2259 19.7451 17.9169 17.5615 17.9891 44.7467 28.1021 22.0348 19.2751
threshold=-0.97043761767723113 1.0589828349069863 -3.0215838911922974 2.5372491659749463 2.4854751745369605 49.671197218586592 3.1068479245985272 3.5000000000000004 5.5000000000000009 2.5000000000000004 1.558601205292615 3.5000000000000004 51.681863854179845 50.304519112252677
decision_type=2 2 2 2 2 2 2 2 2 2 2 2 2 2
left_child=2 8 -1 4 -3 -6 7 -7 -2 10 12 -11 -10 -13
right_child=1 3 -4 -5 5 6 -8 -9 9 11 -12 13 -14 -15
leaf_value=0.057208367006156904 0.0086892338750993708 -0.040015845936098277 0.031455625400995883 -0.055854469110600095 -0.053082033139671449 0.17712697472144717 -0.037035605873127618 0.022084946899195677 0.06890401683206257 -0.031697983301616516 -0.029006280174747968 -0.069097827905767933 -0.045023291105677557 0.041006938470146991
leaf_weight=380.80328340828419 128.7123594135046 217.56368932127953 206.19113132357597 315.30287995934486 6.0508603900671032 4.0883404910564405 3.520751491189003 3.4239796102046967 26.911135032773021 145.18206855654716 38.714419767260551 4.7736426442861584 5.0388517230749121 23.755458861589432
leaf_count=2774 557 1412 1147 2405 41 22 21 21 115 688 180 23 24 106
internal_value=0 -0.0306636 0.0481623 -0.0472204 -0.0356185 0.0203811 0.0606704 0.106462 -0.00625809 -0.0141308 0.00713879 -0.0227832 0.0509365 0.0225836
internal_weight=0 923.038 586.994 549.951 234.648 17.0839 11.0331 7.51232 373.088 244.376 70.6644 173.711 31.95 28.5291
internal_count=9536 5615 3921 3922 1517 105 64 43 1693 1136 319 817 139 129
is_linear=0
shrinkage=0.05


Tree=25
num_leaves=15
num_cat=0
split_feature=4 4 4 4 8 7 2 6 7 7 2 7 7 2
split_gain=828.165 142.523 35.9065 22.1925 21.4754 18.0449 16.8648 16.4838 15.7095 19.568 17.5476 16.7137 15.2691 31.9103
threshold=-0.97043761767723113 1.0589828349069863 -3.0215838911922974 2.5372491659749463 2.4854751745369605 49.671197218586592 1.5000000000000002 45.537165601798044 49.392526960019758 49.282018643684303 1.5000000000000002 51.922987495807469 50.958732475727054 3.5000000000000004
decision_type=2 2 2 2 2 2 2 2 2 2 2 2 2 2
left_child=2 7 -1 4 12 -6 -7 -2 9 -4 11 -10 -3 -14
right_child=1 3 8 -5 5 6 -8 -9 10 -11 -12 -13 13 -15
leaf_value=0.056557659809103378 0.055936807519612788 -0.046241447110512007 0.01625775656025525 -0.055223357096408535 -0.052215741803306293 -0.018641427863281653 0.10574655662052701 -0.0077762630215339155 0.056074029199568214 -0.099583152700527575 0.044104069415205588 -0.073458282715474957 -0.027226735476200161 0.11310153500494424
leaf_weight=366.29319974780083 10.445861905813215 164.08666256070137 54.916814550757408 303.26624430716038 5.8488284498453167 4.547308072447775 6.7997988313436508 360.52782835066319 4.0751012265682203 3.9047604650259009 133.81782293319702 6.4036686420440674 43.822811156511307 4.4638230949640265
leaf_count=2774 44 1110 282 2405 41 29 35 1649 22 18 795 30 283 19
internal_value=0 -0.029778 0.0472078 -0.0463452 -0.034617 0.0191258 0.0558986 -0.00598223 0.0303468 0.00856787 0.0392249 -0.0230843 -0.0389686 -0.0142542
internal_weight=0 903.809 569.411 532.835 229.569 17.1959 11.3471 370.974 203.118 58.8216 144.297 10.4788 212.373 48.2866
internal_count=9536 5615 3921 3922 1517 105 64 1693 1147 300 847 52 1412 302
is_linear=0
shrinkage=0.05


Tree=26
num_leaves=15
num_cat=0
split_feature=4 4 4 4 7 7 2 8 0 2 8 2 7 7
split_gain=769.255 137.007 35.9713 25.0066 19.9695 45.125 38.9341 33.32 16.3023 15.9757 38.0846 21.8472 16.9776 15.7039
threshold=-0.97043761767723113 0.94813278802624701 -3.0215838911922974 2.5372491659749463 50.958732475727054 51.121758076818573 3.5000000000000004 0.97028051887491318 5.5000000000000009 2.5000000000000004 1.558601205292615 3.5000000000000004 50.304519112252677 52.166488070546073
decision_type=2 2 2 2 2 2 2 2 2 2 2 2 2 2
left_child=2 8 -1 4 -3 7 -7 -6 13 10 -10 -11 -13 -2
right_child=1 3 -4 -5 5 6 -8 -9 9 11 -12 12 -14 -15
leaf_value=0.05593776893789755 0.0046645536761084341 -0.040911819762713256 0.029366778144529038 -0.054618092370317395 -0.047769385831914785 -0.046493340275503524 0.090299620587717747 0.13821380034306976 0.049877611918259367 -0.029396871331359837 -0.026829530737099573 -0.067018363387380583 0.037954281442043804 0.068636574353213062
leaf_weight=352.19228541851044 113.70776425302029 187.5274767652154 199.53910298645496 291.59170866012573 3.4561375826597196 40.909231469035149 5.9594153463840476 7.9426149278879166 29.886628866195679 132.46019710600376 35.286637246608734 4.6514490991830852 22.405405610799789 10.477198109030722
leaf_count=2774 489 1275 1147 2405 23 266 25 42 130 627 164 23 101 45
internal_value=0 -0.0288755 0.0463281 -0.0447154 -0.0329677 -0.00740024 -0.0290999 0.0818231 -0.00447668 -0.012512 0.00834621 -0.0210339 0.019908 0.0100617
internal_weight=0 886.262 551.731 537.387 245.795 58.2674 46.8686 11.3988 348.875 224.69 65.1733 159.517 27.0569 124.185
internal_count=9536 5615 3921 4036 1631 356 291 65 1579 1045 294 751 124 534
is_linear=0
shrinkage=0.05


Tree=27
num_leaves=15
num_cat=0
split_feature=4 4 4 4 8 7 7 2 7 7 6 6 7 7
split_gain=714.539 132.23 36.3447 24.6246 15.2012 15.1541 17.455 16.5842 15.2783 12.998 28.8243 18.1222 15.5325 17.7466
threshold=-0.97043761767723113 1.6390326568540587 -3.0215838911922974 0.51270072196374894 0.9429072442765013 49.392526960019758 49.282018643684303 1.5000000000000002 51.922987495807469 50.768778110293923 50.845385997653196 52.650289725131437 49.704160498760011 49.058290730499728
decision_type=2 2 2 2 2 2 2 2 2 2 2 2 2 2
left_child=2 3 -1 -2 -5 6 -4 8 -7 12 -11 -12 13 -6
right_child=1 -3 5 4 9 7 -8 -9 -10 10 11 -13 -14 -15
leaf_value=0.05534561380711929 0.00039335723336200788 -0.049531033428511527 0.014279178870933383 -0.044277468496752265 -0.028005494336829546 0.054113615791637107 -0.094242800649612504 0.042167460232102161 -0.071386571499992224 0.052493575264045959 -0.049986485855898606 0.041271552380408902 -0.052825263636769461 0.021457207049171201
leaf_weight=338.50933504849672 252.14029663801193 392.38146957010031 53.83868519961834 58.607744708657265 56.809513121843338 3.9076105803251249 3.9791573882102957 128.53570245206356 6.3919222503900528 20.324192717671394 20.510710328817371 7.403854399919509 32.804167464375496 26.637040868401527
leaf_count=2774 1123 3276 282 342 311 22 18 795 30 94 110 34 186 139
internal_value=0 -0.0280492 0.0454142 -0.0103126 -0.0224123 0.0283186 0.00681045 0.0372757 -0.0237722 -0.0146217 0.00719753 -0.0257819 -0.0236756 -0.0122165
internal_weight=0 867.619 535.162 475.238 223.097 196.653 57.8178 138.835 10.2995 164.489 48.2388 27.9146 116.251 83.4466
internal_count=9536 5615 3921 2339 1216 1147 300 847 52 874 238 144 636 450
is_linear=0
shrinkage=0.05


Tree=28
num_leaves=15
num_cat=0
split_feature=4 4 4 4 5 2 5 2 7 2 6 7 7 2
split_gain=663.784 127.55 36.3515 22.9057 17.6165 16.9248 15.9915 16.5516 23.8814 16.8641 15.2087 14.3166 15.4794 15.3705
threshold=-0.97043761767723113 1.6390326568540587 -3.0215838911922974 0.36430402360147024 0.99627657931880698 2.5000000000000004 1.0528349200675422 1.5000000000000002 50.768778110293923 2.5000000000000004 50.624613741142802 49.392526960019758 49.282018643684303 1.5000000000000002
decision_type=2 2 2 2 2 2 2 2 2 2 2 2 2 2
left_child=2 3 -1 -2 5 -5 -6 -8 9 -9 -10 12 -4 -13
right_child=1 -3 11 4 6 -7 7 8 10 -11 -12 13 -14 -15
leaf_value=0.054778409608297163 0.002001199593146531 -0.048820380806990679 0.013654116465509826 0.013052324510549213 0.072577026994710137 -0.049898321490510364 -0.048420023566948231 0.032165304749180661 0.080494866434696485 -0.026404317105934057 0.0077037214668431251 -0.022871884008137805 -0.087517684166250206 0.041052309316289837
leaf_weight=325.24982502311468 218.51751068234444 378.54070230573416 53.49708603322506 12.736962780356405 5.5107100605964652 66.030668660998344 28.9201400578022 14.181870520114897 10.219065159559248 92.140465453267097 24.096889466047287 10.165316209197043 4.0682256519794455 125.50377091765404
leaf_count=2774 971 3276 282 71 25 384 153 71 44 500 120 52 18 795
internal_value=0 -0.0271957 0.0445738 -0.00986582 -0.0200816 -0.039719 -0.0112463 -0.0139706 -0.00688663 -0.018592 0.0293804 0.0273975 0.00650416 0.0362626
internal_weight=0 850.895 518.484 472.354 253.837 78.7676 175.069 169.558 140.638 106.322 34.316 193.234 57.5653 135.669
internal_count=9536 5615 3921 2339 1368 455 913 888 735 571 164 1147 300 847
is_linear=0
shrinkage=0.05


Tree=29
num_leaves=15
num_cat=0
split_feature=4 4 4 4 8 7 1 5 7 7 7 8 0 7
split_gain=616.533 122.912 36.4122 21.106 13.6347 13.4809 14.4872 14.3828 17.6735 19.584 14.4538 13.5806 11.5471 17.9401
threshold=-0.97043761767723113 1.6390326568540587 -3.0215838911922974 0.51270072196374894 0.9429072442765013 49.392526960019758 1.5000000000000002 0.70368055512465311 48.50022207429334 48.729186127794868 49.227555017001912 0.75417893632414146 5.5000000000000009 49.981466058224306
decision_type=2 2 2 2 2 2 2 2 2 2 2 2 2 2
left_child=2 3 -1 12 -5 7 -7 -4 11 -10 -11 -9 -2 -14
right_child=1 -3 5 4 -6 6 -8 8 9 10 -12 -13 13 -15
leaf_value=0.054233602925728867 0.013560533358629993 -0.04812190646860981 0.06194953413686282 -0.042126734215362498 -0.013484545324207878 0.0071818720753334389 0.044955221796327598 -0.059693885334899513 -0.12273850967628148 0.044032972866787402 -0.059314429957066629 0.034632141906355392 -0.024175742592414146 0.010349185046700888
leaf_weight=312.41659141331911 100.39596422016621 365.17354796826839 9.6291732490062696 55.942714273929596 161.50288739800453 34.187613159418106 98.570260405540466 4.5319586396217373 5.4259522706270245 6.4292978942394239 7.1406543850898743 24.150617077946663 81.85232312977314 69.640051275491714
leaf_count=2774 431 3276 55 342 874 208 639 22 27 36 33 127 372 320
internal_value=0 -0.0263677 0.0437353 -0.00944142 -0.0208534 0.026479 0.0352279 0.00621146 -0.00504543 -0.0424521 -0.0103495 0.0197283 0.000410102 -0.00830486
internal_weight=0 834.507 502.482 469.334 217.446 190.066 132.758 57.3077 47.6785 18.9959 13.57 28.6826 251.888 151.492
internal_count=9536 5615 3921 2339 1216 1147 847 300 245 96 69 149 1123 692
is_linear=0
shrinkage=0.05


Tree=30
num_leaves=15
num_cat=0
split_feature=4 4 4 4 5 7 7 9 6 9 8 8 8 6
split_gain=572.512 118.452 36.4401 19.778 13.9673 14.8148 14.7484 13.15 15.2911 12.3427 11.7511 29.2733 19.6984 16.2051
threshold=-0.97043761767723113 1.6390326568540587 -3.0215838911922974 0.77835880525925061 1.5800217782525283 52.302595490768191 49.61333395061299 48.835057239854812 47.757122351150578 45.722461850686805 3.1566208596152925 2.3314923244221673 1.9320970432787721 52.294375591438012
decision_type=2 2 2 2 2 2 2 2 2 2 2 2 2 2
left_child=2 3 -1 9 6 7 -4 8 -6 -2 11 12 13 -11
right_child=1 -3 4 -5 5 -7 -8 -9 -10 10 -12 -13 -14 -15
leaf_value=0.053708856860188808 0.066254612444893682 -0.047433740287957368 0.013493334808193355 -0.023293476528029343 0.015088555423517081 -0.067720550400160659 0.046510258169577136 0.030284592682237321 -0.11018937733003331 -0.0025629167308451311 -0.067172811633759863 0.072980778403610891 -0.040333747345970554 0.063016474684173762
leaf_weight=300.00997947156429 6.5587497502565375 352.27620972692966 56.167588017880917 159.73518162965775 5.980057016015051 6.5962591469287863 85.020275443792343 29.164738163352013 4.1096298918128014 236.53034590184689 6.9853966385126105 12.606955617666243 34.417440384626389 9.8108774423599225
leaf_count=2774 28 3276 305 950 29 31 588 171 23 1077 33 55 152 44
internal_value=0 -0.0255474 0.0429102 -0.00902517 0.025589 0.00161247 0.0333754 0.0132631 -0.0359384 -0.00159904 -0.00308076 -0.00155465 -0.00490152 4.88726e-05
internal_weight=0 818.921 487.049 466.645 187.039 45.8507 141.188 39.2544 10.0897 306.91 300.351 293.366 280.759 246.341
internal_count=9536 5615 3921 2339 1147 254 893 223 52 1389 1361 1328 1273 1121
is_linear=0
shrinkage=0.05


Tree=31
num_leaves=15
num_cat=0
split_feature=4 4 4 4 5 5 8 5 0 7 9 6 9 7
split_gain=531.751 114.264 36.2931 21.709 13.4502 13.1107 14.3199 18.2443 16.9684 15.1386 22.4315 19.0313 14.9785 12.2683
threshold=-0.97043761767723113 1.8512921649777863 -3.0215838911922974 0.77835880525925061 0.81119854868577379 0.63566854931176164 0.75417893632414146 1.0528349200675422 11.500000000000002 49.392526960019758 48.767959327558856 52.243610725360391 50.371616088373919 50.768778110293923
decision_type=2 2 2 2 2 2 2 2 2 2 2 2 2 2
left_child=2 3 -1 -2 -5 -4 8 -8 12 10 -9 -11 -7 -6
right_child=1 -3 5 4 13 6 7 9 -10 11 -12 -13 -14 -15
leaf_value=0.053202033461475964 -0.001523149083683287 -0.048342351473392609 0.053132700609260231 -0.050295582021652921 -0.026145682321014899 -0.017743084702752345 0.053433000199727736 0.024840364622291836 0.031945759197371054 0.039020963366213218 -0.058676623271265618 -0.031541323715167623 -0.1486547025329179 0.0050179107913756295
leaf_weight=288.02829613536596 306.25223943591118 313.13406262546778 33.337165229022503 36.76537049561739 102.03159736841917 5.3195136263966578 37.486249819397926 16.576673001050949 7.0641046687960616 53.001684509217739 15.611733108758925 11.657446369528769 3.7081049531698227 45.738245606422424
leaf_count=2774 1389 3048 227 256 661 31 246 88 43 343 77 70 22 261
internal_value=0 -0.024743 0.0421251 -0.00968602 -0.023233 0.0247633 0.0184761 0.0238154 -0.0260969 0.0123515 -0.0156663 0.0262992 -0.0715152 -0.0164998
internal_weight=0 803.922 471.791 490.787 184.535 183.763 150.426 134.334 16.0917 96.8475 32.1884 64.6591 9.02762 147.77
internal_count=9536 5615 3921 2567 1178 1147 920 824 96 578 165 413 53 922
is_linear=0
shrinkage=0.05


Tree=32
num_leaves=15
num_cat=0
split_feature=4 4 4 4 5 7 5 6 0 8 6 5 7 9
split_gain=494.073 112.444 33.584 20.725 17.7456 17.7611 29.4996 35.0845 16.4777 18.0727 15.1314 13.8001 15.6998 21.2304
threshold=-1.0365803917767862 1.8512921649777863 -3.0215838911922974 0.36430402360147024 0.99627657931880698 49.058290730499728 1.3707369468308268 48.290911666356344 12.500000000000002 1.3155211975156345 45.537165601798044 1.0528349200675422 49.435442950636613 48.767959327558856
decision_type=2 2 2 2 2 2 2 2 2 2 2 2 2 2
left_child=2 3 -1 -2 -5 10 7 -7 -9 -10 -6 -4 13 -13
right_child=1 -3 11 4 5 6 -8 8 9 -11 -12 12 -14 -15
leaf_value=0.052711138328142282 0.0022133613214446748 -0.04771473195021364 0.039523328858832328 -0.037861555882392942 0.027013002426259237 0.16632922358854774 -0.014310542293873156 0.05673853146768873 -0.05341936940796245 0.064537744866358035 -0.039733774365089902 0.025182258316012143 0.026085591062077841 -0.057796999738432511
leaf_weight=276.46814116835594 225.05560646951199 301.68153359740973 81.991824015974998 81.291591867804527 9.9155925884842855 4.7602558135986319 84.816251426935196 15.446388304233553 10.421482920646666 4.7170446142554274 59.099209919571877 14.899868100881578 60.403310239315033 15.970436051487921
leaf_count=2774 1008 3048 554 522 49 24 469 79 67 23 363 81 397 78
internal_value=0 -0.0236484 0.0418945 -0.00899646 -0.0183241 -0.00992861 0.00168213 0.040059 0.0204063 -0.0166649 -0.030144 0.0246351 0.0112609 -0.0177462
internal_weight=0 797.205 449.734 495.523 270.468 189.176 120.161 35.3452 30.5849 15.1385 69.0148 173.265 91.2736 30.8703
internal_count=9536 5652 3884 2604 1596 1074 662 193 169 90 412 1110 556 159
is_linear=0
shrinkage=0.05


Tree=33
num_leaves=15
num_cat=0
split_feature=4 4 4 4 5 7 6 9 2 2 1 7 1 6
split_gain=458.75 108.264 33.6179 19.5998 13.1011 12.0941 18.6848 18.4569 12.0251 28.2068 26.931 19.0563 13.9936 15.6729
threshold=-1.0365803917767862 1.8512921649777863 -3.0215838911922974 0.64707282414861234 1.0638109678676277 49.435442950636613 52.243610725360391 48.767959327558856 2.5000000000000004 1.5000000000000002 3.5000000000000004 52.243610725360391 4.5000000000000009 50.73421269310694
decision_type=2 2 2 2 2 2 2 2 2 2 2 2 2 2
left_child=2 3 -1 -2 -4 7 -7 -6 9 12 -11 -10 -5 -14
right_child=1 -3 4 8 5 6 -8 -9 11 10 -12 -13 13 -15
leaf_value=0.052234360456461383 5.8460841183531458e-06 -0.04709384351241902 0.037919386675222239 -0.048552474461459015 0.024217971029191317 0.03752728052605761 -0.035252626719337453 -0.054464028584404814 -0.032214222084845819 0.0087443671378359435 0.13176162544475509 0.040297626646911236 -0.061129498554593487 0.059040741068730862
leaf_weight=265.32451444119215 281.97327195107937 290.65640404820442 83.605692178010941 25.133626185357571 14.723069936037065 46.295428968966007 10.893858820199965 15.094758436083792 142.08632846921682 15.289205566048624 6.2748879045248023 9.6778447255492193 4.1643397733569127 7.7868313044309616
leaf_count=2774 1274 3048 576 161 81 315 65 73 931 88 30 46 30 44
internal_value=0 -0.0228957 0.0411001 -0.00861153 0.023785 0.0102031 0.0236636 -0.0156134 -0.0201596 -0.000931639 0.0445409 -0.0275902 -0.027373 0.0171679
internal_weight=0 783.043 435.937 492.386 170.613 87.0071 57.1893 29.8178 210.413 58.6489 21.5641 151.764 37.0848 11.9512
internal_count=9536 5652 3884 2604 1110 534 380 154 1330 353 118 977 235 74
is_linear=0
shrinkage=0.05


Tree=34
num_leaves=15
num_cat=0
split_feature=4 4 4 4 5 5 9 1 5 4 5 2 7 8
split_gain=426.041 104.193 33.4776 18.249 12.5009 12.2994 11.8347 12.0138 17.5363 17.1626 12.6096 21.6873 22.0434 21.8328
threshold=-1.0365803917767862 1.8512921649777863 -3.0215838911922974 0.77835880525925061 0.81119854868577379 1.0638109678676277 45.722461850686805 1.0000000180025095e-35 1.0012373843636697 -0.47324173801340025 1.5858030378339463 2.5000000000000004 48.729186127794868 1.6013997677384395
decision_type=2 2 2 2 2 2 2 2 2 2 2 2 2 2
left_child=2 3 -1 6 -5 -4 -2 8 -8 -10 11 12 -9 -13
right_child=1 -3 5 4 -6 -7 7 10 9 -11 -12 13 -14 -15
leaf_value=0.051769991813304196 0.063979537965661373 -0.046478281509577529 0.036901141811615211 -0.048272171394313335 -0.014576027849435489 0.0098142602106538919 -0.071334131248655105 -0.057554462684844189 0.064998840935684851 -0.030210764605307996 -0.01488146146749845 -0.0036677308409338548 0.060609229392276635 0.08852624155360718
leaf_weight=254.59126646071672 6.8591687828302375 280.05041456222534 81.666917897760868 34.091661304235458 142.89031829684973 86.085008390247822 14.784292533993719 4.5611249655485144 6.8164851367473611 15.487771987915039 83.455645754933357 144.50028194487095 29.30577726662159 6.7202637493610373
leaf_count=2774 30 3048 576 256 922 534 69 19 31 74 370 677 128 28
internal_value=0 -0.0221548 0.0403431 -0.00823822 -0.0210668 0.023001 -0.00097262 -0.00243032 -0.0291049 -0.00111341 0.00125372 0.00852904 0.0446952 0.000429383
internal_weight=0 769.523 422.343 489.473 176.982 167.752 312.491 305.632 37.0885 22.3043 268.543 185.087 33.8669 151.221
internal_count=9536 5652 3884 2604 1178 1110 1426 1396 174 105 1222 852 147 705
is_linear=0
shrinkage=0.05


Tree=35
num_leaves=15
num_cat=0
split_feature=4 4 4 4 5 7 5 7 1 6 0 6 2 8
split_gain=395.334 101.791 31.5752 17.3755 15.9787 16.317 26.1978 30.5746 16.1565 20.435 14.8815 14.1337 13.4047 13.281
threshold=-1.102323130644663 1.8512921649777863 -3.0215838911922974 0.36430402360147024 0.99627657931880698 49.058290730499728 1.3707369468308268 49.648829050775205 4.5000000000000009 52.650289725131437 12.500000000000002 45.537165601798044 2.5000000000000004 2.2174432191375444
decision_type=2 2 2 2 2 2 2 2 2 2 2 2 2 2
left_child=2 3 -1 -2 12 11 7 10 9 -9 -7 -6 -5 -8
right_child=1 -3 -4 4 5 6 13 8 -10 -11 -12 -13 -14 -15
leaf_value=0.051316457490638324 0.0023400105790025 -0.045866752072551031 0.022690408459296849 0.009027435758267045 0.027000853825305638 0.13685505672214468 -0.025666508368825697 -0.059160409461709619 0.069086870971837328 0.066033998324137588 0.01669293618409325 -0.037925525214959954 -0.04534091772684011 0.018056248591906188
leaf_weight=244.26110303401947 230.78731016814709 269.85448689758778 159.05916132032871 13.811848379671572 9.8379740789532644 8.8212839215993863 58.382190316915512 11.352568894624712 6.7505825087428084 4.5721689611673346 3.6397808939218512 56.642008632421494 63.275852918624878 24.723115026950836
leaf_count=2774 1045 3048 1073 90 49 43 333 73 32 23 22 363 432 136
internal_value=0 -0.0211837 0.0400271 -0.00766183 -0.0164785 -0.00849893 0.00264381 0.0388392 0.00426334 -0.0232157 0.101757 -0.0283175 -0.0355997 -0.0126594
internal_weight=0 762.451 403.32 492.597 261.809 184.722 118.242 35.1364 22.6753 15.9247 12.4611 66.48 77.0877 83.1053
internal_count=9536 5689 3847 2641 1596 1074 662 193 128 96 65 412 522 469
is_linear=0
shrinkage=0.05


Tree=36
num_leaves=15
num_cat=0
split_feature=4 4 4 4 7 7 2 2 5 7 9 6 9 1
split_gain=366.76 97.743 31.7012 18.6757 14.1409 19.2929 30.3441 26.7397 12.4374 12.821 20.2305 15.6843 12.3088 11.3224
threshold=-1.102323130644663 2.0380009668184011 -3.0215838911922974 0.77835880525925061 50.768778110293923 51.121758076818573 3.5000000000000004 2.5000000000000004 1.0528349200675422 49.392526960019758 48.767959327558856 52.243610725360391 45.722461850686805 1.0000000180025095e-35
decision_type=2 2 2 2 2 2 2 2 2 2 2 2 2 2
left_child=2 3 -1 12 -5 7 -7 -6 -4 10 -10 -11 -2 -14
right_child=1 -3 8 4 5 6 -8 -9 9 11 -12 -13 13 -15
leaf_value=0.050872277668066714 0.062041681049052222 -0.046577855467347523 0.037011863303383095 -0.029577173309993522 0.099699986956612419 -0.0369898732087015 0.06974288031284033 -0.036329159911825525 0.02758887647631942 0.035833461188772023 -0.057365601927592713 -0.030180606767445065 -0.0281358269710625 0.0014013407317329421
leaf_weight=234.3259349912405 7.6607894599437705 242.81250254809856 72.617562085390091 130.69080430269241 9.5292396247386915 35.589347258210182 8.1919604241847974 5.8186579197645178 12.866261184215547 44.917533777654171 15.389751121401785 11.251581750810145 36.831407427787781 272.38667504489422
leaf_count=2774 35 2858 537 981 51 258 35 43 74 321 73 68 176 1252
internal_value=0 -0.0204945 0.0392226 -0.00799526 -0.0203977 -0.000108853 -0.017019 0.0481289 0.02184 0.00878997 -0.0186819 0.0226098 -0.000565791 -0.00211687
internal_weight=0 749.511 391.369 506.699 189.82 59.1292 43.7813 15.3479 157.043 84.4251 28.256 56.1691 316.879 309.218
internal_count=9536 5689 3847 2831 1368 387 293 94 1073 536 147 389 1463 1428
is_linear=0
shrinkage=0.05


Tree=37
num_leaves=15
num_cat=0
split_feature=4 4 4 7 4 5 7 5 7 7 2 6 7 7
split_gain=340.577 94.0913 31.6374 18.3815 18.0944 14.1814 24.5149 13.8672 13.4048 49.3395 26.8585 15.3472 20.6104 20.436
threshold=-1.102323130644663 2.1197099649990938 -4.4747871146454044 49.392526960019758 0.77835880525925061 1.5800217782525283 52.302595490768191 0.81119854868577379 50.958732475727054 51.121758076818573 3.5000000000000004 49.868396366337954 49.058290730499728 49.704160498760011
decision_type=2 2 2 2 2 2 2 2 2 2 2 2 2 2
left_child=2 4 -1 -4 -2 -5 -7 -6 11 -10 -11 12 -9 -14
right_child=1 -3 3 5 7 6 -8 8 9 10 -12 -13 13 -15
leaf_value=0.054869331022301376 -0.00053770378195612913 -0.046596622190435415 0.00072082286435626417 0.042926458342142829 -0.047576008763623771 0.026720901710414371 -0.076446377010234323 -0.030668028137139619 0.13413203112884378 -0.036811720885798704 0.066651354191627321 -0.050202790555032017 0.054504879358692027 -0.027852643594659311
leaf_weight=165.94226345419884 316.60027030110359 226.98723170161247 54.556816220283508 119.48982132226229 36.777828298509121 32.204821422696114 7.0119183212518683 48.688412092626095 6.7860934212803832 27.292522601783276 8.1445054709911329 34.522868223488331 18.699403896927837 12.613016873598097
leaf_count=2052 1463 2782 341 1151 316 262 41 386 32 202 35 266 117 90
internal_value=0 -0.0198163 0.0384969 0.0257574 -0.00790004 0.0343639 0.00827468 -0.0199446 -0.0134614 0.0106195 -0.0130328 -0.0223396 -0.0103158 0.0213303
internal_weight=0 737.112 379.206 213.263 510.125 158.707 39.2167 193.525 156.747 42.2231 35.437 114.524 80.0008 31.3124
internal_count=9536 5689 3847 1795 2907 1454 303 1444 1128 269 237 859 593 207
is_linear=0
shrinkage=0.05


Tree=38
num_leaves=15
num_cat=0
split_feature=4 4 4 7 0 2 2 2 7 9 7 8 9 7
split_gain=316.278 90.3862 31.5956 17.4655 17.2439 25.9346 29.7489 27.266 27.907 22.7603 31.4801 20.8703 32.2674 28.4259
threshold=-1.102323130644663 2.1197099649990938 -4.4747871146454044 49.392526960019758 5.5000000000000009 2.5000000000000004 1.5000000000000002 3.5000000000000004 50.304519112252677 51.007490306082644 51.681863854179845 1.4157355343051985 49.053475725924166 51.186822594900001
decision_type=2 2 2 2 2 2 2 2 2 2 2 2 2 2
left_child=2 4 -1 -4 -2 6 9 -7 -9 -6 -11 -8 -13 -14
right_child=1 -3 3 -5 5 7 11 8 -10 10 -12 12 13 -15
leaf_value=0.054609357636454414 0.0063002086101694972 -0.046043765805225852 0.00068503449418442922 0.033602696656378488 -0.05546061433101717 -0.029571416782743026 0.081032912652077321 -0.052286139066900932 0.040499258726134579 0.080469364540054211 -0.034021513398114968 -0.066405732418900659 0.077341019183169546 -0.033479043215671626
leaf_weight=158.58160984516144 155.40557386726141 218.44426582753658 54.53724666684866 154.31525354832411 23.69822584092617 209.96484508365393 16.234871968626976 11.156691215932367 29.616302967071533 10.198065780103208 14.5985199958086 9.4805141165852529 17.731204390525821 8.5897714719176275
leaf_count=2052 780 2782 341 1454 162 1343 74 83 138 52 90 53 84 48
internal_value=0 -0.0191587 0.0377831 0.025007 -0.00756768 -0.013703 0.00775302 -0.0223056 0.0151104 -0.0204218 0.013065 0.0340103 0.0126869 0.0411752
internal_weight=0 725.119 367.434 208.853 506.675 351.269 100.531 250.738 40.773 48.4948 24.7966 52.0364 35.8015 26.321
internal_count=9536 5689 3847 1795 2907 2127 563 1564 221 304 142 259 185 132
is_linear=0
shrinkage=0.05


Tree=39
num_leaves=15
num_cat=0
split_feature=4 4 4 7 4 5 5 7 2 2 1 8 5 9
split_gain=293.398 86.6316 31.7541 16.4483 15.9963 14.378 13.9715 22.5049 12.3804 23.6704 18.4056 19.2 15.3569 12.3078
threshold=-1.102323130644663 2.1197099649990938 -4.4747871146454044 49.392526960019758 0.82220442049475229 0.81119854868577379 1.5800217782525283 52.302595490768191 2.5000000000000004 1.5000000000000002 2.5000000000000004 2.612857136779358 1.0326992228663163 45.722461850686805
decision_type=2 2 2 2 2 2 2 2 2 2 2 2 2 2
left_child=2 4 -1 -4 13 -6 -5 -8 9 12 11 -11 -7 -2
right_child=1 -3 3 6 5 8 7 -9 -10 10 -12 -13 -14 -15
leaf_value=0.054364394936774897 0.061536898501529692 -0.045491901964077562 0.00065101052287393126 0.041522951557108598 -0.048782373368227459 0.049162387963803282 0.024734170987187772 -0.074668729297779901 -0.021961095949856527 -0.042495535523582748 0.10190279622778223 0.10018925569239603 -0.044613869002454752 -0.0021060129647481125
leaf_weight=151.51000609993935 7.785395920276641 210.24792448431253 54.518647849559784 112.82622498273849 33.386164017021656 5.6670150980353382 30.941677816212177 6.9781645387411109 103.10022962093353 7.0390543490648287 9.2296540737152082 3.5450941771268845 19.012828715145588 313.33591525256634
leaf_count=2052 36 2782 341 1151 305 34 262 41 793 50 51 21 152 1465
internal_value=0 -0.0185461 0.037002 0.0241865 -0.00726288 -0.0191507 0.0326983 0.00644164 -0.012448 0.0095957 0.0502972 0.00529584 -0.0230809 -0.000563028
internal_weight=0 712.349 356.775 205.265 502.101 180.98 150.746 37.9198 147.594 44.4936 19.8138 10.5841 24.6798 321.121
internal_count=9536 5689 3847 1795 2907 1406 1454 303 1101 308 122 71 186 1501
is_linear=0
shrinkage=0.05


Tree=40
num_leaves=15
num_cat=0
split_feature=4 4 4 4 2 2 7 7 7 5 7 1 8 0
split_gain=272.269 83.6187 31.6647 17.6932 17.5543 20.7538 17.6262 25.3257 15.608 13.2746 20.558 12.9799 23.0581 12.3325
threshold=-1.102323130644663 2.4458969113224054 -4.4747871146454044 0.82220442049475229 2.5000000000000004 1.5000000000000002 50.811490705149232 51.155896311780772 49.392526960019758 1.5800217782525283 52.302595490768191 2.5000000000000004 2.4854751745369605 8.5000000000000018
decision_type=2 2 2 2 2 2 2 2 2 2 2 2 2 2
left_child=2 3 -1 -2 5 6 -5 -8 -4 -10 -11 12 -7 -13
right_child=1 -3 8 4 -6 11 7 -9 9 10 -12 13 -14 -15
leaf_value=0.054133457097411991 -0.00053455725285028429 -0.047497687916846165 0.00061866584818152416 -0.048908832480581921 -0.029131337651122819 -0.052711601097445937 0.10746703859759099 -0.026009456660017135 0.040748132791477536 0.023902788692043025 -0.071606026052099647 0.1518524987579688 0.082214660982944221 0.040405139887902765
leaf_weight=144.72005361318588 320.91387593746185 178.1292332187295 54.500971421599388 22.112919688224792 141.02703632414341 7.3322265744209307 5.4488122165203086 10.218323789536951 109.31283186376095 30.430239319801331 6.9144360870122901 3.8347329497337324 5.5732365250587463 7.0382925644516945
leaf_count=2052 1501 2479 341 214 1220 63 32 82 1151 262 41 21 35 42
internal_value=0 -0.0179068 0.0362973 -0.00783796 -0.0194072 0.00287016 -0.020162 0.0204118 0.0234654 0.0319557 0.00621915 0.0394645 0.00555643 0.0797107
internal_weight=0 701.629 345.879 523.499 202.586 61.5585 37.7801 15.6671 201.158 146.658 37.3447 23.7785 12.9055 10.873
internal_count=9536 5689 3847 3210 1709 489 328 114 1795 1454 303 161 98 63
is_linear=0
shrinkage=0.05


Tree=41
num_leaves=15
num_cat=0
split_feature=4 4 4 4 2 2 6 7 7 5 5 7 1 8
split_gain=252.598 80.4538 31.5562 16.3986 16.6259 24.1932 17.0846 14.7997 14.1924 20.7714 12.6074 18.7832 11.7721 25.6361
threshold=-1.102323130644663 2.4458969113224054 -4.4747871146454044 0.64707282414861234 2.5000000000000004 1.5000000000000002 52.437182700510427 49.392526960019758 50.760077772407051 1.2898840989557869 1.5800217782525283 52.302595490768191 2.5000000000000004 2.3314923244221673
decision_type=2 2 2 2 2 2 2 2 2 2 2 2 2 2
left_child=2 3 -1 -2 5 8 -6 -4 -5 -10 -9 -12 13 -7
right_child=1 -3 7 4 6 12 -8 10 9 -11 11 -13 -14 -15
leaf_value=0.053915644979421189 0.00056920226000698056 -0.047024742039006945 0.00058791851568948091 -0.049279774980047028 -0.030120379370047964 -0.060589378529744289 0.037294779631700706 0.039977098194617602 0.077770353635056466 -0.026088583853436806 0.023089432865278873 -0.068700046676118107 0.074566324676944129 0.070148174130982885
leaf_weight=138.20403265953064 284.8373219370842 171.10307642072439 54.484171472489834 21.507467232644558 154.24428698420525 7.0105055198073414 10.007631704211233 105.93642511963844 7.1591704934835461 14.697102144360541 29.939784809947014 6.8482723534107199 12.7836517393589 8.0613738521933538
leaf_count=2052 1311 2479 341 212 1302 59 58 1151 44 105 262 41 70 49
internal_value=0 -0.0172823 0.0355957 -0.00750154 -0.0172643 0.00291241 -0.0260129 0.022757 -0.0204442 0.00793112 0.0312199 0.00600238 0.0392726 0.00933716
internal_weight=0 691.412 335.413 520.309 235.471 71.2193 164.252 197.209 43.3637 21.8563 142.724 36.7881 27.8555 15.0719
internal_count=9536 5689 3847 3210 1899 539 1360 1795 361 149 1454 303 178 108
is_linear=0
shrinkage=0.05


Tree=42
num_leaves=15
num_cat=0
split_feature=4 4 4 4 5 5 7 1 7 7 7 7 9 8
split_gain=234.495 87.3988 18.3864 18.0719 15.1475 14.5723 22.4319 18.628 14.6636 13.0802 16.168 21.0243 13.0201 11.4554
threshold=-1.7694987779384321 2.1197099649990938 -4.4747871146454044 0.36430402360147024 0.82221930281055267 1.5800217782525283 47.284963283875605 1.0000000180025095e-35 49.494360905686655 49.392526960019758 48.50022207429334 48.761916060184753 46.646428811297618 2.3314923244221673
decision_type=2 2 2 2 2 2 2 2 2 2 2 2 2 2
left_child=2 3 -1 5 -5 7 -7 8 -2 10 -4 -12 -9 -8
right_child=1 -3 9 4 -6 6 13 12 -10 -11 11 -13 -14 -15
leaf_value=0.053710123949715673 0.0073867249024385144 -0.043870016961023571 0.040724308520926886 -0.039245689578833676 -0.0082279662222405781 0.066332264443972985 -0.03215864837286888 -0.032977019330640171 -0.06414559709006297 0.035981985878542642 -0.11094920321531213 0.005596874827036879 0.020744769645009084 0.016645613991600923
leaf_weight=131.95407032966614 15.267409443855287 187.74786444753408 13.087939962744715 48.126376271247864 216.09629679471254 7.9154220819473258 59.036591142416 12.088623419404028 13.498646713793276 100.83702312409878 5.7645701915025738 11.771492786705492 168.31384570151567 15.098656073212622
leaf_count=2052 73 2782 104 406 1456 36 264 57 67 1169 33 82 880 75
internal_value=0 -0.014378 0.040525 -0.00440922 -0.0138776 0.00418145 -0.0136765 0.0111866 -0.0261803 0.0272904 -0.00132881 -0.0327149 0.0171449 -0.022219
internal_weight=0 743.19 263.415 555.442 264.223 291.219 82.0507 209.169 28.7661 131.461 30.624 17.5361 180.402 74.1352
internal_count=9536 6096 3440 3314 1862 1452 375 1077 140 1388 219 115 937 339
is_linear=0
shrinkage=0.05


Tree=43
num_leaves=15
num_cat=0
split_feature=4 4 4 4 2 2 5 7 5 7 0 7 4 2
split_gain=218.32 84.0387 19.4433 18.5184 18.2361 29.6329 18.1631 23.4323 18.2853 44.7017 42.4457 15.9096 14.3492 19.8804
threshold=-1.7694987779384321 2.5372491659749463 0.36430402360147024 -4.4747871146454044 2.5000000000000004 1.5000000000000002 1.1023091305525734 50.768778110293923 1.3098738980603815 49.258779468841247 14.500000000000002 47.649896110617782 1.0183180877525113 3.5000000000000004
decision_type=2 2 2 2 2 2 2 2 2 2 2 2 2 2
left_child=3 2 -2 -1 5 -4 -6 8 9 -8 -11 -10 -9 -14
right_child=1 -3 4 -5 6 -7 7 12 11 10 -12 -13 13 -15
leaf_value=0.053516110667670175 0.0039877556800839787 -0.046808380237622418 -0.019935076413264738 0.026540711528508829 -0.042748676311292172 0.038628525795717406 -0.05483422443790064 0.06857470900304094 -0.0028727744249212096 0.1575271018799623 -0.025649000865038241 -0.050702928744312453 -0.048649181232704536 0.075484974731756527
leaf_weight=125.96214067935944 290.20724899321795 153.09594668447971 51.655434519052505 128.55271687358618 72.118077270686626 37.124088354408741 11.932279311120512 12.754286780953409 26.421619355678558 7.4117584899067861 5.5163037925958633 50.837803609669209 9.0945311933755857 4.9979209005832663
leaf_count=2052 1452 2405 421 1388 630 225 105 57 200 44 41 415 80 21
internal_value=0 -0.0138575 -0.00516091 0.0398911 -0.0143204 0.00455391 -0.0226535 -0.0114162 -0.022344 0.0149543 0.0793673 -0.0343457 0.0301507 -0.00462471
internal_weight=0 733.167 580.071 254.515 289.864 88.7795 201.085 128.967 102.12 24.8603 12.9281 77.2594 26.8467 14.0925
internal_count=9536 6096 3691 3440 2239 646 1593 963 805 190 85 615 158 101
is_linear=0
shrinkage=0.05


Tree=44
num_leaves=15
num_cat=0
split_feature=4 4 4 4 2 7 8 8 5 1 9 5 2 7
split_gain=203.094 80.3035 18.768 17.977 15.6082 17.6841 13.0402 16.6735 19.5149 19.2441 18.1045 17.6306 15.8066 23.4451
threshold=-1.7694987779384321 2.5372491659749463 -4.4747871146454044 0.82220442049475229 2.5000000000000004 48.729186127794868 3.3322270227452608 2.3652836279941858 1.5800217782525283 1.0000000180025095e-35 46.578148904426286 1.0012373843636697 2.5000000000000004 48.729186127794868
decision_type=2 2 2 2 2 2 2 2 2 2 2 2 2 2
left_child=2 3 -1 6 5 -5 7 8 9 11 -10 -2 13 -11
right_child=1 -3 -4 4 -6 -7 -8 -9 10 12 -12 -13 -14 -15
leaf_value=0.053332886134499206 -0.05906270054828059 -0.046356876471910766 0.025720878726786696 -0.056219702307841124 -0.026878496908210089 0.015348906000390404 -0.076894987456474731 0.047489224430943326 0.080167251610351653 -0.047342495151951408 -0.02504175197639107 0.0087314227420730584 0.0060718223405733752 0.055773028158418503
leaf_weight=120.22011850774288 19.589798778295517 147.01215412467718 126.0816093236208 10.354893438518046 133.7372375279665 51.856074102222919 5.2457066178321829 19.511798098683357 4.2929453402757636 6.512707293033599 86.086063012480736 18.787398636341095 183.92419262230396 35.891083016991615
leaf_count=2052 99 2405 1388 117 1262 404 27 97 19 28 399 92 962 185
internal_value=0 -0.0133744 0.0391983 -0.00495326 -0.0172539 0.00343645 0.00139225 0.00248856 1.57813e-05 0.00686498 -0.0200444 -0.0258744 0.0124164 0.0399357
internal_weight=0 722.802 246.302 575.79 195.948 62.211 379.842 374.596 355.084 264.705 90.379 38.3772 226.328 42.4038
internal_count=9536 6096 3440 3691 1783 521 1908 1881 1784 1366 418 191 1175 213
is_linear=0
shrinkage=0.05


Tree=45
num_leaves=15
num_cat=0
split_feature=4 4 4 0 2 2 7 2 9 7 5 8 7 7
split_gain=188.791 76.7506 18.9961 16.8921 20.3146 31.791 29.7117 23.1938 25.1662 38.182 21.1503 15.0949 28.2226 24.9104
threshold=-1.7694987779384321 2.5372491659749463 -4.4747871146454044 4.5000000000000009 2.5000000000000004 3.5000000000000004 50.304519112252677 1.5000000000000002 50.962339095058006 51.616818039992381 2.2359824489895135 1.4307908349845995 49.301525965518174 51.186822594900001
decision_type=2 2 2 2 2 2 2 2 2 2 2 2 2 2
left_child=2 3 -1 -2 7 -6 -7 8 -5 -10 -8 -9 -13 -14
right_child=1 -3 -4 4 5 6 10 11 9 -11 -12 12 13 -15
leaf_value=0.053159793388357329 0.0098163371667357377 -0.045903748530384869 0.024913982820947124 -0.052502845052263436 -0.025208265987790447 -0.040185556784784159 0.04939531759421513 0.058860871998019593 0.082207806910420664 -0.032551470944844563 -0.069037424869571901 -0.072735537065565736 0.053613808911260545 -0.033812022692285559
leaf_weight=114.71986296772957 147.80521152168512 141.18805650621653 123.71792951226234 26.515975382179022 236.90625205636024 17.074900545179844 38.603909499943256 23.337250448763371 12.259505972266199 17.731108538806438 4.1777184456586829 8.5115325599908811 27.524451956152916 11.573930084705351
leaf_count=2052 811 2405 1388 224 1688 144 230 123 67 115 19 54 147 69
internal_value=0 -0.0128889 0.0385039 -0.00474006 -0.00981179 -0.0169823 0.0155751 0.00688408 -0.0170159 0.0143596 0.0378301 0.0259195 0.00977237 0.027734
internal_weight=0 713.21 238.438 572.022 424.217 296.763 59.8565 127.454 56.5066 29.9906 42.7816 70.9472 47.6099 39.0984
internal_count=9536 6096 3440 3691 2880 2081 393 799 406 182 249 393 270 216
is_linear=0
shrinkage=0.05


Tree=46
num_leaves=15
num_cat=0
split_feature=4 4 4 4 5 7 5 6 8 9 0 0 6 7
split_gain=175.545 73.2203 19.2017 15.5618 15.6563 22.9865 23.1423 29.3864 16.2893 20.5583 16.4987 14.0277 13.4179 13.2409
threshold=-1.7694987779384321 2.5372491659749463 -4.4747871146454044 0.36430402360147024 0.99627657931880698 49.058290730499728 1.3450853068414894 48.290911666356344 2.2174432191375444 50.165048366830881 4.5000000000000009 12.500000000000002 45.537165601798044 49.392526960019758
decision_type=2 2 2 2 2 2 2 2 2 2 2 2 2 2
left_child=2 3 -1 -2 -5 12 7 -7 10 -10 -8 -9 -6 -4
right_child=1 -3 13 4 5 6 8 11 9 -11 -12 -13 -14 -15
leaf_value=0.052996205642683362 0.0036296599427044075 -0.045448223605010267 -0.0052313305983436881 -0.031867114535193912 0.024482814879737424 0.14258702764370848 0.04663519945983071 0.05199372663066059 0.1121291123627528 0.0045570295460208897 -0.030235526812753922 -0.016543603723363144 -0.036563717020812778 0.033405729587061894
leaf_weight=109.45324091613293 287.05411294102669 135.61455115675926 29.189155220985413 78.580850619822741 10.503161057829855 5.962825007736682 8.0020198151469213 16.567666761577133 5.4806132689118412 23.425376184284687 54.663994513452053 13.589334793388842 62.948080968111753 92.268603529781103
leaf_count=2052 1452 2405 219 722 66 35 42 102 27 155 416 101 573 1169
internal_value=0 -0.0124455 0.0378077 -0.0045489 -0.0129418 -0.0055482 0.00727131 0.0411635 -0.0060972 0.0249528 -0.0204197 0.0211095 -0.0278344 0.0241203
internal_weight=0 702.393 230.911 566.778 279.724 201.143 127.692 36.1198 91.572 28.906 62.666 30.157 73.4512 121.458
internal_count=9536 6096 3440 3691 2239 1517 878 238 640 182 458 203 639 1388
is_linear=0
shrinkage=0.05


Tree=47
num_leaves=15
num_cat=0
split_feature=4 4 4 0 2 2 7 2 9 7 5 9 5 0
split_gain=163.219 69.8838 19.3185 14.7584 18.2135 28.9674 26.8762 20.433 23.664 34.4474 19.4943 14.394 15.1685 16.5341
threshold=-1.7694987779384321 2.5372491659749463 -4.4747871146454044 4.5000000000000009 2.5000000000000004 3.5000000000000004 50.304519112252677 1.5000000000000002 50.962339095058006 51.616818039992381 2.2359824489895135 50.116032694737086 1.5698685148163076 12.500000000000002
decision_type=2 2 2 2 2 2 2 2 2 2 2 2 2 2
left_child=2 3 -1 -2 7 11 -7 8 -5 -10 -8 12 13 -6
right_child=1 -3 -4 4 5 6 10 -9 9 -11 -12 -13 -14 -15
leaf_value=0.052841551768539385 0.0092363284855701555 -0.044989588027694649 0.023380088768033266 -0.051483682371415908 0.0085709374797956709 -0.038392888884126057 0.047943233143169853 0.024623302938844713 0.079033659837883324 -0.030925832548439391 -0.066136321708405318 -0.046513079001034546 -0.043014062401885107 -0.026400317555533528
leaf_weight=104.41215728223324 147.44303920865059 130.28262499719858 119.12538475170732 25.376301981508732 67.748013358563185 16.655454479157925 37.865648910403252 70.293126195669174 12.122267231345178 17.268840059638023 4.1558277755975714 54.236688286066055 42.852310504764318 67.44710660725832
leaf_count=2052 811 2405 1388 224 431 144 230 393 67 115 19 416 329 512
internal_value=0 -0.011987 0.0371412 -0.00435626 -0.00917364 -0.0160325 0.015357 0.00678389 -0.0161127 0.0144266 0.036661 -0.0239617 -0.0170921 -0.00887577
internal_weight=0 693.747 223.538 563.465 416.022 290.961 58.6769 125.061 54.7674 29.3911 42.0215 232.284 178.047 135.195
internal_count=9536 6096 3440 3691 2880 2081 393 799 406 182 249 1688 1272 943
is_linear=0
shrinkage=0.05


Tree=48
num_leaves=15
num_cat=0
split_feature=4 4 4 7 0 5 8 1 7 9 7 0 9 6
split_gain=151.888 72.256 16.9871 16.408 26.9542 14.5398 15.4925 15.1962 14.8275 13.2708 12.9832 29.3194 14.9392 12.1117
threshold=-2.49072484269136 2.5372491659749463 0.13394228668554101 48.91740009181725 13.500000000000002 1.5800217782525283 2.3652836279941858 1.0000000180025095e-35 49.494360905686655 51.51450214748855 49.392526960019758 9.5000000000000018 49.504832094223381 52.294375591438012
decision_type=2 2 2 2 2 2 2 2 2 2 2 2 2 2
left_child=3 2 5 4 -1 7 -7 8 -2 -10 11 12 -9 -4
right_child=1 -3 13 -5 -6 6 -8 10 9 -11 -12 -13 -14 -15
leaf_value=0.047728899880610513 0.012744099246444094 -0.044527160590582114 -0.012947372555139806 0.046151887445638431 -0.12561424011031141 -0.024487152804017791 0.027085151915509937 0.036314089866433995 -0.085282056389815397 0.025331277803516346 0.030776768540341316 -0.040015352785432702 -0.056225481591168795 0.029927169346870199
leaf_weight=5.5699049532413465 16.841229453682903 125.18340829759836 304.95514997467399 161.47216748818755 3.7541305422782898 60.061523705720901 19.222906202077866 41.575531616806984 10.490658998489378 3.6567641645669928 99.664775550365448 25.625124007463455 4.8723714649677268 17.412554532289505
leaf_count=60 83 2405 2358 2978 32 286 114 210 52 26 685 118 20 109
internal_value=0 -0.00995258 -0.00279123 0.0424279 -0.0220641 0.00617103 -0.0119832 0.013271 -0.0189556 -0.0566912 0.019086 0.00291965 0.0266067 -0.0106315
internal_weight=0 729.562 604.379 170.796 9.32404 282.011 79.2844 202.726 30.9887 14.1474 171.738 72.073 46.4479 322.368
internal_count=9536 6466 4061 3070 92 1594 400 1194 161 78 1033 348 230 2467
is_linear=0
shrinkage=0.05


Tree=49
num_leaves=15
num_cat=0
split_feature=4 4 4 7 9 2 2 6 7 5 2 6 8 0
split_gain=141.992 68.6843 15.849 15.6379 23.1765 13.0242 16.6481 13.1718 13.0211 16.695 12.3577 31.9918 17.0962 11.2046
threshold=-2.49072484269136 2.5372491659749463 0.64707282414861234 48.91740009181725 49.197550531462518 2.5000000000000004 1.5000000000000002 52.437182700510427 50.760077772407051 1.2898840989557869 1.5000000000000002 51.560586809972868 1.8281830154770147 3.5000000000000004
decision_type=2 2 2 2 2 2 2 2 2 2 2 2 2 2
left_child=3 2 10 4 -1 6 8 -7 -4 -10 11 -2 -13 -12
right_child=1 -3 5 -5 -6 7 -8 -9 9 -11 13 12 -14 -15
leaf_value=0.022215104074251632 -0.067240115448182827 -0.0440603272044564 -0.045003791817879328 0.045711247680282709 -0.16402346460609329 -0.025767910478394929 0.033073480665678341 0.034127672265831153 0.073046151202961679 -0.021316460650653974 0.022512000825537077 0.062130888360457853 -0.025942841446118928 0.0014512631128452266
leaf_weight=7.2709104865789396 20.322751969099045 120.30816571787 20.075214561074972 155.04054810479283 2.1687894463539124 138.54373276978731 29.33772736042738 9.830267705023287 7.1919687315821674 13.459643151611088 83.879571408033371 11.438366711139681 10.630980506539343 255.56844234466553
leaf_count=78 98 2405 232 2978 14 1342 189 60 44 106 432 62 55 1441
internal_value=0 -0.00957896 -0.00266819 0.0419071 -0.0205736 -0.0134098 0.00435703 -0.0217996 -0.016329 0.0115455 0.00347676 -0.0219764 0.0197051 0.00665549
internal_weight=0 720.587 600.279 164.48 9.4397 218.439 70.0646 148.374 40.7268 20.6516 381.84 42.3921 22.0693 339.448
internal_count=9536 6466 4061 3070 92 1973 571 1402 382 150 2088 215 117 1873
is_linear=0
shrinkage=0.05


end of trees

feature_importances:
capacity_margin_lag24=201
region_stress_ratio_lag48=147
season=73
lmp_volatility_lag6=72
region_stress_ratio_lag24=66
lmp_volatility_roll24=45
hour=41
region_stress_ratio_roll48=30
day_of_week=25

parameters:
[boosting: gbdt]
[objective: binary]
[metric: binary_logloss]
[tree_learner: serial]
[device_type: cpu]
[data_sample_strategy: bagging]
[data: ]
[valid: ]
[num_iterations: 50]
[learning_rate: 0.05]
[num_leaves: 15]
[num_threads: 12]
[seed: 42]
[deterministic: 0]
[force_col_wise: 0]
[force_row_wise: 0]
[histogram_pool_size: -1]
[max_depth: 20]
[min_data_in_leaf: 20]
[min_sum_hessian_in_leaf: 0.001]
[bagging_fraction: 1]
[pos_bagging_fraction: 1]
[neg_bagging_fraction: 1]
[bagging_freq: 0]
[bagging_seed: 400]
[feature_fraction: 1]
[feature_fraction_bynode: 1]
[feature_fraction_seed: 30056]
[extra_trees: 0]
[extra_seed: 12879]
[early_stopping_round: 0]
[early_stopping_min_delta: 0]
[first_metric_only: 0]
[max_delta_step: 0]
[lambda_l1: 0]
[lambda_l2: 0]
[linear_lambda: 0]
[min_gain_to_split: 0]
[drop_rate: 0.1]
[max_drop: 50]
[skip_drop: 0.5]
[xgboost_dart_mode: 0]
[uniform_drop: 0]
[drop_seed: 17869]
[top_rate: 0.2]
[other_rate: 0.1]
[min_data_per_group: 100]
[max_cat_threshold: 32]
[cat_l2: 10]
[cat_smooth: 10]
[max_cat_to_onehot: 4]
[top_k: 20]
[monotone_constraints: ]
[monotone_constraints_method: basic]
[monotone_penalty: 0]
[feature_contri: ]
[forcedsplits_filename: ]
[refit_decay_rate: 0.9]
[cegb_tradeoff: 1]
[cegb_penalty_split: 0]
[cegb_penalty_feature_lazy: ]
[cegb_penalty_feature_coupled: ]
[path_smooth: 0]
[interaction_constraints: ]
[verbosity: 1]
[saved_feature_importance_type: 0]
[use_quantized_grad: 0]
[num_grad_quant_bins: 4]
[quant_train_renew_leaf: 0]
[stochastic_rounding: 1]
[linear_tree: 0]
[max_bin: 255]
[max_bin_by_feature: ]
[min_data_in_bin: 3]
[bin_construct_sample_cnt: 200000]
[data_random_seed: 175]
[is_enable_sparse: 1]
[enable_bundle: 1]
[use_missing: 1]
[zero_as_missing: 0]
[feature_pre_filter: 1]
[pre_partition: 0]
[two_round: 0]
[header: 0]
[label_column: ]
[weight_column: ]
[group_column: ]
[ignore_column: ]
[categorical_feature: ]
[forcedbins_filename: ]
[precise_float_parser: 0]
[parser_config_file: ]
[objective_seed: 16083]
[num_class: 1]
[is_unbalance: 0]
[scale_pos_weight: 1]
[sigmoid: 1]
[boost_from_average: 1]
[reg_sqrt: 0]
[alpha: 0.9]
[fair_c: 1]
[poisson_max_delta_step: 0.7]
[tweedie_variance_power: 1.5]
[lambdarank_truncation_level: 30]
[lambdarank_norm: 1]
[label_gain: ]
[lambdarank_position_bias_regularization: 0]
[eval_at: ]
[multi_error_top_k: 1]
[auc_mu_weights: ]
[num_machines: 1]
[local_listen_port: 12400]
[time_out: 120]
[machine_list_filename: ]
[machines: ]
[gpu_platform_id: -1]
[gpu_device_id: -1]
[gpu_use_dp: 0]
[num_gpu: 1]

end of parameters

pandas_categorical:[]
